Date,Open,High,Low,Close,Adj Close,Volume
2010-04-05,263.549988,263.549988,263.549988,263.549988,191.001480,0
2010-04-06,263.000000,263.000000,263.000000,263.000000,190.602951,100
2010-04-07,263.000000,263.000000,263.000000,263.000000,190.602951,0
2010-04-08,263.000000,263.000000,263.000000,263.000000,190.602951,0
2010-04-09,263.000000,263.000000,263.000000,263.000000,190.602951,0
2010-04-12,263.000000,263.000000,263.000000,263.000000,190.602951,0
2010-04-13,263.000000,263.000000,263.000000,263.000000,190.602951,0
2010-04-14,263.000000,263.000000,263.000000,263.000000,190.602951,0
2010-04-15,263.000000,263.000000,263.000000,263.000000,190.602951,0
2010-04-16,269.000000,269.000000,268.500000,268.500000,194.588928,200
2010-04-19,268.500000,268.500000,268.500000,268.500000,194.588928,0
2010-04-20,268.500000,268.500000,268.500000,268.500000,194.588928,0
2010-04-21,270.000000,270.000000,270.000000,270.000000,195.676041,100
2010-04-22,270.000000,270.000000,270.000000,270.000000,195.676041,0
2010-04-23,270.000000,270.000000,270.000000,270.000000,195.676041,0
2010-04-26,271.000000,271.000000,271.000000,271.000000,196.400726,100
2010-04-27,271.000000,271.000000,271.000000,271.000000,196.400726,0
2010-04-28,271.000000,271.000000,271.000000,271.000000,196.400726,0
2010-04-29,271.000000,271.000000,271.000000,271.000000,196.400726,0
2010-04-30,271.000000,271.000000,271.000000,271.000000,196.400726,0
2010-05-03,271.000000,271.000000,271.000000,271.000000,196.400726,0
2010-05-04,271.000000,271.000000,271.000000,271.000000,196.400726,0
2010-05-05,271.000000,271.000000,271.000000,271.000000,196.400726,0
2010-05-06,271.000000,271.000000,271.000000,271.000000,196.400726,0
2010-05-07,271.000000,271.000000,271.000000,271.000000,196.400726,0
2010-05-10,271.000000,271.000000,271.000000,271.000000,196.400726,0
2010-05-11,271.000000,271.000000,271.000000,271.000000,196.400726,0
2010-05-12,271.000000,271.000000,271.000000,271.000000,196.400726,0
2010-05-13,271.000000,271.000000,271.000000,271.000000,196.400726,0
2010-05-14,271.000000,271.000000,271.000000,271.000000,196.400726,0
2010-05-17,271.000000,271.000000,271.000000,271.000000,196.400726,0
2010-05-18,271.000000,271.000000,271.000000,271.000000,196.400726,0
2010-05-19,271.000000,271.000000,271.000000,271.000000,196.400726,0
2010-05-20,271.000000,271.000000,271.000000,271.000000,196.400726,0
2010-05-21,271.000000,271.000000,271.000000,271.000000,196.400726,0
2010-05-24,271.000000,271.000000,271.000000,271.000000,196.400726,0
2010-05-25,271.000000,271.000000,271.000000,271.000000,196.400726,0
2010-05-26,271.000000,271.000000,271.000000,271.000000,196.400726,0
2010-05-27,271.000000,271.000000,271.000000,271.000000,196.763779,0
2010-05-28,271.000000,271.000000,271.000000,271.000000,196.763779,0
2010-06-01,271.000000,271.000000,271.000000,271.000000,196.763779,0
2010-06-02,271.000000,271.000000,271.000000,271.000000,196.763779,0
2010-06-03,271.000000,271.000000,271.000000,271.000000,196.763779,0
2010-06-04,271.000000,271.000000,271.000000,271.000000,196.763779,0
2010-06-07,271.000000,271.000000,271.000000,271.000000,196.763779,0
2010-06-08,271.000000,271.000000,271.000000,271.000000,196.763779,0
2010-06-09,271.000000,271.000000,271.000000,271.000000,196.763779,0
2010-06-10,271.000000,271.000000,271.000000,271.000000,196.763779,0
2010-06-11,271.000000,271.000000,271.000000,271.000000,196.763779,0
2010-06-14,271.000000,271.000000,271.000000,271.000000,196.763779,0
2010-06-15,271.000000,271.000000,271.000000,271.000000,196.763779,0
2010-06-16,271.000000,271.000000,271.000000,271.000000,196.763779,0
2010-06-17,271.000000,271.000000,271.000000,271.000000,196.763779,0
2010-06-18,271.000000,271.000000,271.000000,271.000000,196.763779,0
2010-06-21,271.000000,271.000000,271.000000,271.000000,196.763779,0
2010-06-22,271.000000,271.000000,271.000000,271.000000,196.763779,0
2010-06-23,271.000000,271.000000,271.000000,271.000000,196.763779,0
2010-06-24,271.000000,271.000000,271.000000,271.000000,196.763779,0
2010-06-25,271.000000,271.000000,271.000000,271.000000,196.763779,0
2010-06-28,271.000000,271.000000,271.000000,271.000000,196.763779,0
2010-06-29,271.000000,271.000000,271.000000,271.000000,196.763779,0
2010-06-30,271.000000,271.000000,271.000000,271.000000,196.763779,0
2010-07-01,271.000000,271.000000,271.000000,271.000000,196.763779,0
2010-07-02,271.000000,271.000000,271.000000,271.000000,196.763779,0
2010-07-06,271.000000,271.000000,271.000000,271.000000,196.763779,0
2010-07-07,271.000000,271.000000,271.000000,271.000000,196.763779,0
2010-07-08,271.000000,271.000000,271.000000,271.000000,196.763779,0
2010-07-09,271.000000,271.000000,271.000000,271.000000,196.763779,0
2010-07-12,271.000000,271.000000,271.000000,271.000000,196.763779,0
2010-07-13,271.000000,271.000000,271.000000,271.000000,196.763779,0
2010-07-14,271.000000,271.000000,271.000000,271.000000,196.763779,0
2010-07-15,271.000000,271.000000,271.000000,271.000000,196.763779,0
2010-07-16,271.000000,271.000000,271.000000,271.000000,196.763779,0
2010-07-19,271.000000,271.000000,271.000000,271.000000,196.763779,0
2010-07-20,271.000000,271.000000,271.000000,271.000000,196.763779,0
2010-07-21,271.000000,271.000000,271.000000,271.000000,196.763779,0
2010-07-22,271.000000,271.000000,271.000000,271.000000,196.763779,0
2010-07-23,271.000000,271.000000,271.000000,271.000000,196.763779,0
2010-07-26,271.000000,271.000000,271.000000,271.000000,196.763779,0
2010-07-27,274.000000,274.000000,265.000000,265.000000,192.407379,100
2010-07-28,265.000000,265.000000,265.000000,265.000000,192.407379,0
2010-07-29,265.000000,265.000000,265.000000,265.000000,192.407379,0
2010-07-30,265.000000,265.000000,265.000000,265.000000,192.407379,0
2010-08-02,265.000000,265.000000,265.000000,265.000000,192.407379,0
2010-08-03,265.000000,265.000000,265.000000,265.000000,192.407379,0
2010-08-04,265.000000,265.000000,265.000000,265.000000,192.407379,0
2010-08-05,265.000000,265.000000,265.000000,265.000000,192.407379,0
2010-08-06,265.000000,265.000000,265.000000,265.000000,192.407379,0
2010-08-09,265.000000,265.000000,265.000000,265.000000,192.407379,0
2010-08-10,265.000000,265.000000,265.000000,265.000000,192.407379,0
2010-08-11,265.000000,265.000000,265.000000,265.000000,192.407379,0
2010-08-12,265.000000,265.000000,265.000000,265.000000,192.407379,0
2010-08-13,265.000000,265.000000,265.000000,265.000000,192.407379,0
2010-08-16,265.000000,265.000000,265.000000,265.000000,192.407379,0
2010-08-17,265.000000,265.000000,265.000000,265.000000,192.407379,0
2010-08-18,265.000000,265.000000,265.000000,265.000000,192.407379,0
2010-08-19,265.000000,265.000000,265.000000,265.000000,192.407379,0
2010-08-20,265.000000,265.000000,265.000000,265.000000,192.407379,0
2010-08-23,265.000000,265.000000,265.000000,265.000000,192.407379,0
2010-08-24,265.000000,265.000000,265.000000,265.000000,192.407379,0
2010-08-25,265.000000,265.000000,265.000000,265.000000,192.407379,0
2010-08-26,265.000000,265.000000,265.000000,265.000000,192.407379,0
2010-08-27,265.000000,265.000000,265.000000,265.000000,192.407379,0
2010-08-30,265.000000,265.000000,265.000000,265.000000,192.771072,0
2010-08-31,265.000000,265.000000,265.000000,265.000000,192.771072,0
2010-09-01,265.000000,265.000000,265.000000,265.000000,192.771072,0
2010-09-02,265.000000,265.000000,265.000000,265.000000,192.771072,0
2010-09-03,265.000000,265.000000,265.000000,265.000000,192.771072,0
2010-09-07,265.000000,265.000000,265.000000,265.000000,192.771072,0
2010-09-08,265.000000,265.000000,265.000000,265.000000,192.771072,0
2010-09-09,265.000000,265.000000,265.000000,265.000000,192.771072,0
2010-09-10,265.000000,265.000000,265.000000,265.000000,192.771072,0
2010-09-13,265.000000,265.000000,265.000000,265.000000,192.771072,0
2010-09-14,268.000000,268.000000,268.000000,268.000000,194.953461,100
2010-09-15,268.000000,268.000000,268.000000,268.000000,194.953461,0
2010-09-16,268.000000,268.000000,268.000000,268.000000,194.953461,0
2010-09-17,274.750000,274.750000,274.750000,274.750000,199.863602,100
2010-09-20,267.000000,267.000000,267.000000,267.000000,194.225983,100
2010-09-21,267.000000,267.000000,267.000000,267.000000,194.225983,0
2010-09-22,267.000000,267.000000,267.000000,267.000000,194.225983,0
2010-09-23,268.000000,268.000000,268.000000,268.000000,194.953461,200
2010-09-24,268.000000,268.000000,268.000000,268.000000,194.953461,0
2010-09-27,268.000000,268.000000,268.000000,268.000000,194.953461,0
2010-09-28,275.000000,275.000000,275.000000,275.000000,200.045502,100
2010-09-29,275.000000,275.000000,275.000000,275.000000,200.045502,0
2010-09-30,275.000000,275.000000,275.000000,275.000000,200.045502,0
2010-10-01,275.000000,275.000000,275.000000,275.000000,200.045502,0
2010-10-04,275.000000,275.000000,275.000000,275.000000,200.045502,0
2010-10-05,275.000000,275.000000,275.000000,275.000000,200.045502,0
2010-10-06,275.000000,275.000000,275.000000,275.000000,200.045502,0
2010-10-07,275.000000,275.000000,275.000000,275.000000,200.045502,0
2010-10-08,275.000000,275.000000,275.000000,275.000000,200.045502,0
2010-10-11,275.000000,275.000000,275.000000,275.000000,200.045502,0
2010-10-12,275.000000,275.000000,275.000000,275.000000,200.045502,0
2010-10-13,275.000000,275.000000,275.000000,275.000000,200.045502,0
2010-10-14,275.000000,275.000000,275.000000,275.000000,200.045502,0
2010-10-15,275.000000,275.000000,275.000000,275.000000,200.045502,0
2010-10-18,275.000000,275.000000,275.000000,275.000000,200.045502,0
2010-10-19,275.000000,275.000000,275.000000,275.000000,200.045502,0
2010-10-20,275.000000,275.000000,275.000000,275.000000,200.045502,0
2010-10-21,275.000000,275.000000,275.000000,275.000000,200.045502,0
2010-10-22,275.000000,275.000000,275.000000,275.000000,200.045502,0
2010-10-25,275.000000,275.000000,275.000000,275.000000,200.045502,0
2010-10-26,275.000000,275.000000,275.000000,275.000000,200.045502,0
2010-10-27,275.000000,275.000000,275.000000,275.000000,200.045502,0
2010-10-28,275.000000,275.000000,275.000000,275.000000,200.045502,0
2010-10-29,275.000000,275.000000,275.000000,275.000000,200.045502,0
2010-11-01,275.000000,275.000000,275.000000,275.000000,200.045502,0
2010-11-02,275.000000,275.000000,275.000000,275.000000,200.045502,0
2010-11-03,275.000000,275.000000,275.000000,275.000000,200.045502,0
2010-11-04,275.000000,275.000000,275.000000,275.000000,200.045502,0
2010-11-05,275.000000,275.000000,275.000000,275.000000,200.045502,0
2010-11-08,275.000000,275.000000,275.000000,275.000000,200.045502,0
2010-11-09,275.000000,275.000000,275.000000,275.000000,200.045502,0
2010-11-10,300.000000,300.000000,300.000000,300.000000,218.231461,0
2010-11-11,300.000000,300.000000,300.000000,300.000000,218.231461,0
2010-11-12,271.000000,271.000000,271.000000,271.000000,197.135742,0
2010-11-15,271.000000,271.000000,271.000000,271.000000,197.135742,0
2010-11-16,271.000000,271.000000,271.000000,271.000000,197.135742,0
2010-11-17,271.000000,271.000000,271.000000,271.000000,197.135742,0
2010-11-18,271.000000,271.000000,271.000000,271.000000,197.135742,0
2010-11-19,271.000000,271.000000,271.000000,271.000000,197.135742,0
2010-11-22,271.000000,271.000000,271.000000,271.000000,197.135742,0
2010-11-23,271.000000,271.000000,271.000000,271.000000,197.135742,0
2010-11-24,271.000000,271.000000,271.000000,271.000000,197.135742,0
2010-11-26,271.000000,271.000000,271.000000,271.000000,197.135742,0
2010-11-29,271.000000,271.000000,271.000000,271.000000,242.284714,0
2010-11-30,271.000000,271.000000,271.000000,271.000000,242.284714,0
2010-12-01,271.000000,271.000000,271.000000,271.000000,242.284714,0
2010-12-02,250.000000,250.000000,250.000000,250.000000,223.509903,100
2010-12-03,250.000000,250.000000,250.000000,250.000000,223.509903,0
2010-12-06,250.000000,250.000000,250.000000,250.000000,223.509903,0
2010-12-07,260.000000,260.000000,260.000000,260.000000,232.450287,100
2010-12-08,260.000000,260.000000,260.000000,260.000000,232.450287,0
2010-12-09,260.000000,260.000000,260.000000,260.000000,232.450287,0
2010-12-10,260.000000,260.000000,260.000000,260.000000,232.450287,0
2010-12-13,260.000000,260.000000,260.000000,260.000000,232.450287,0
2010-12-14,260.000000,260.000000,260.000000,260.000000,232.450287,100
2010-12-15,260.000000,260.000000,260.000000,260.000000,232.450287,0
2010-12-16,260.000000,260.000000,260.000000,260.000000,232.450287,0
2010-12-17,260.000000,260.000000,260.000000,260.000000,232.450287,0
2010-12-20,260.000000,260.000000,260.000000,260.000000,232.450287,0
2010-12-21,260.000000,260.000000,260.000000,260.000000,232.450287,0
2010-12-22,260.000000,260.000000,260.000000,260.000000,232.450287,0
2010-12-23,260.000000,260.000000,260.000000,260.000000,232.450287,0
2010-12-27,240.000000,240.000000,240.000000,240.000000,214.569519,100
2010-12-28,240.000000,240.000000,240.000000,240.000000,214.569519,0
2010-12-29,240.000000,240.000000,240.000000,240.000000,214.569519,0
2010-12-30,240.000000,240.000000,240.000000,240.000000,214.569519,0
2010-12-31,240.000000,240.000000,240.000000,240.000000,214.569519,0
2011-01-03,240.000000,240.000000,240.000000,240.000000,214.569519,0
2011-01-04,240.000000,240.000000,240.000000,240.000000,214.569519,0
2011-01-05,240.000000,240.000000,240.000000,240.000000,214.569519,0
2011-01-06,245.000000,245.000000,245.000000,245.000000,219.039673,100
2011-01-07,245.000000,245.000000,245.000000,245.000000,219.039673,0
2011-01-10,240.000000,240.000000,240.000000,240.000000,214.569519,100
2011-01-11,240.000000,240.000000,240.000000,240.000000,214.569519,0
2011-01-12,240.000000,240.000000,240.000000,240.000000,214.569519,0
2011-01-13,240.000000,240.000000,240.000000,240.000000,214.569519,0
2011-01-14,240.000000,240.000000,240.000000,240.000000,214.569519,0
2011-01-18,240.000000,240.000000,240.000000,240.000000,214.569519,0
2011-01-19,240.000000,240.000000,240.000000,240.000000,214.569519,0
2011-01-20,240.000000,240.000000,240.000000,240.000000,214.569519,0
2011-01-21,240.000000,240.000000,240.000000,240.000000,214.569519,0
2011-01-24,240.000000,240.000000,240.000000,240.000000,214.569519,0
2011-01-25,240.000000,240.000000,240.000000,240.000000,214.569519,0
2011-01-26,240.000000,240.000000,240.000000,240.000000,214.569519,0
2011-01-27,240.000000,240.000000,240.000000,240.000000,214.569519,0
2011-01-28,240.000000,240.000000,240.000000,240.000000,214.569519,0
2011-01-31,240.000000,240.000000,240.000000,240.000000,214.569519,100
2011-02-01,240.000000,240.000000,240.000000,240.000000,214.569519,0
2011-02-02,240.000000,240.000000,240.000000,240.000000,214.569519,0
2011-02-03,240.000000,240.000000,240.000000,240.000000,214.569519,0
2011-02-04,240.000000,240.000000,240.000000,240.000000,214.569519,0
2011-02-07,240.000000,240.000000,240.000000,240.000000,214.569519,0
2011-02-08,250.000000,250.000000,250.000000,250.000000,223.509903,100
2011-02-09,250.000000,250.000000,250.000000,250.000000,223.509903,0
2011-02-10,250.000000,250.000000,250.000000,250.000000,223.509903,0
2011-02-11,250.000000,250.000000,250.000000,250.000000,223.509903,0
2011-02-14,250.000000,250.000000,250.000000,250.000000,223.509903,0
2011-02-15,250.000000,250.000000,250.000000,250.000000,223.509903,0
2011-02-16,250.000000,250.000000,250.000000,250.000000,223.509903,0
2011-02-17,250.000000,250.000000,250.000000,250.000000,223.509903,0
2011-02-18,250.000000,250.000000,250.000000,250.000000,223.509903,0
2011-02-22,250.000000,250.000000,250.000000,250.000000,223.509903,0
2011-02-23,250.000000,250.000000,250.000000,250.000000,223.509903,0
2011-02-24,250.000000,250.000000,250.000000,250.000000,223.509903,0
2011-02-25,250.000000,250.000000,250.000000,250.000000,223.957855,0
2011-02-28,250.000000,250.000000,250.000000,250.000000,223.957855,0
2011-03-01,250.000000,250.000000,250.000000,250.000000,223.957855,0
2011-03-02,250.000000,250.000000,250.000000,250.000000,223.957855,0
2011-03-03,250.000000,250.000000,250.000000,250.000000,223.957855,0
2011-03-04,250.000000,250.000000,250.000000,250.000000,223.957855,0
2011-03-07,250.000000,250.000000,250.000000,250.000000,223.957855,0
2011-03-08,250.000000,250.000000,250.000000,250.000000,223.957855,0
2011-03-09,250.000000,250.000000,250.000000,250.000000,223.957855,0
2011-03-10,250.000000,250.000000,250.000000,250.000000,223.957855,0
2011-03-11,250.000000,250.000000,250.000000,250.000000,223.957855,0
2011-03-14,250.000000,250.000000,250.000000,250.000000,223.957855,0
2011-03-15,250.000000,250.000000,250.000000,250.000000,223.957855,0
2011-03-16,250.000000,250.000000,250.000000,250.000000,223.957855,0
2011-03-17,250.000000,250.000000,250.000000,250.000000,223.957855,0
2011-03-18,241.000000,241.000000,241.000000,241.000000,215.895294,100
2011-03-21,241.000000,241.000000,241.000000,241.000000,215.895294,0
2011-03-22,241.000000,241.000000,241.000000,241.000000,215.895294,100
2011-03-23,241.000000,241.000000,241.000000,241.000000,215.895294,0
2011-03-24,241.000000,241.000000,241.000000,241.000000,215.895294,0
2011-03-25,241.000000,241.000000,241.000000,241.000000,215.895294,0
2011-03-28,241.000000,241.000000,241.000000,241.000000,215.895294,0
2011-03-29,241.000000,241.000000,241.000000,241.000000,215.895294,0
2011-03-30,241.000000,241.000000,241.000000,241.000000,215.895294,0
2011-03-31,241.000000,241.000000,241.000000,241.000000,215.895294,0
2011-04-01,241.000000,241.000000,241.000000,241.000000,215.895294,0
2011-04-04,241.000000,241.000000,241.000000,241.000000,215.895294,0
2011-04-05,241.000000,241.000000,241.000000,241.000000,215.895294,0
2011-04-06,241.000000,241.000000,241.000000,241.000000,215.895294,0
2011-04-07,241.000000,241.000000,241.000000,241.000000,215.895294,0
2011-04-08,241.000000,241.000000,241.000000,241.000000,215.895294,0
2011-04-11,241.000000,241.000000,241.000000,241.000000,215.895294,0
2011-04-12,241.000000,241.000000,241.000000,241.000000,215.895294,0
2011-04-13,241.000000,241.000000,241.000000,241.000000,215.895294,0
2011-04-14,241.000000,241.000000,241.000000,241.000000,215.895294,0
2011-04-15,241.000000,241.000000,241.000000,241.000000,215.895294,0
2011-04-18,241.000000,241.000000,241.000000,241.000000,215.895294,0
2011-04-19,241.000000,241.000000,241.000000,241.000000,215.895294,0
2011-04-20,241.000000,241.000000,241.000000,241.000000,215.895294,0
2011-04-21,241.000000,241.000000,241.000000,241.000000,215.895294,0
2011-04-25,241.000000,241.000000,241.000000,241.000000,215.895294,0
2011-04-26,241.000000,241.000000,241.000000,241.000000,215.895294,0
2011-04-27,241.000000,241.000000,241.000000,241.000000,215.895294,0
2011-04-28,241.000000,241.000000,241.000000,241.000000,215.895294,0
2011-04-29,241.000000,241.000000,241.000000,241.000000,215.895294,0
2011-05-02,241.000000,241.000000,241.000000,241.000000,215.895294,0
2011-05-03,241.000000,241.000000,241.000000,241.000000,215.895294,0
2011-05-04,241.000000,241.000000,241.000000,241.000000,215.895294,0
2011-05-05,241.000000,241.000000,241.000000,241.000000,215.895294,0
2011-05-06,241.000000,241.000000,241.000000,241.000000,215.895294,0
2011-05-09,241.000000,241.000000,241.000000,241.000000,215.895294,0
2011-05-10,241.000000,241.000000,241.000000,241.000000,215.895294,0
2011-05-11,241.000000,241.000000,241.000000,241.000000,215.895294,0
2011-05-12,241.000000,241.000000,241.000000,241.000000,215.895294,0
2011-05-13,241.000000,241.000000,241.000000,241.000000,215.895294,0
2011-05-16,241.000000,241.000000,241.000000,241.000000,215.895294,0
2011-05-17,241.000000,241.000000,241.000000,241.000000,215.895294,0
2011-05-18,241.000000,241.000000,241.000000,241.000000,215.895294,0
2011-05-19,241.000000,241.000000,241.000000,241.000000,215.895294,0
2011-05-20,241.000000,241.000000,241.000000,241.000000,215.895294,0
2011-05-23,241.000000,241.000000,241.000000,241.000000,215.895294,0
2011-05-24,241.000000,241.000000,241.000000,241.000000,215.895294,0
2011-05-25,241.000000,241.000000,241.000000,241.000000,215.895294,0
2011-05-26,241.000000,241.000000,241.000000,241.000000,215.895294,0
2011-05-27,241.000000,241.000000,241.000000,241.000000,216.344177,0
2011-05-31,242.000000,244.000000,237.000000,237.000000,212.753387,1100
2011-06-01,237.000000,237.000000,237.000000,237.000000,212.753387,0
2011-06-02,237.000000,237.000000,237.000000,237.000000,212.753387,0
2011-06-03,237.000000,237.000000,237.000000,237.000000,212.753387,0
2011-06-06,237.000000,237.000000,237.000000,237.000000,212.753387,0
2011-06-07,237.000000,237.000000,237.000000,237.000000,212.753387,0
2011-06-08,237.000000,237.000000,237.000000,237.000000,212.753387,0
2011-06-09,237.000000,237.000000,237.000000,237.000000,212.753387,0
2011-06-10,237.000000,237.000000,237.000000,237.000000,212.753387,0
2011-06-13,237.000000,237.000000,237.000000,237.000000,212.753387,0
2011-06-14,237.000000,237.000000,237.000000,237.000000,212.753387,0
2011-06-15,237.000000,237.000000,237.000000,237.000000,212.753387,0
2011-06-16,237.000000,237.000000,237.000000,237.000000,212.753387,0
2011-06-17,237.000000,237.000000,237.000000,237.000000,212.753387,0
2011-06-20,237.000000,237.000000,237.000000,237.000000,212.753387,0
2011-06-21,237.000000,237.000000,237.000000,237.000000,212.753387,0
2011-06-22,237.000000,237.000000,237.000000,237.000000,212.753387,0
2011-06-23,237.000000,237.000000,237.000000,237.000000,212.753387,0
2011-06-24,237.000000,237.000000,237.000000,237.000000,212.753387,0
2011-06-27,237.000000,237.000000,237.000000,237.000000,212.753387,0
2011-06-28,237.000000,237.000000,237.000000,237.000000,212.753387,0
2011-06-29,237.000000,237.000000,237.000000,237.000000,212.753387,0
2011-06-30,237.000000,237.000000,237.000000,237.000000,212.753387,0
2011-07-01,237.000000,237.000000,237.000000,237.000000,212.753387,0
2011-07-05,237.000000,237.000000,237.000000,237.000000,212.753387,0
2011-07-06,237.000000,237.000000,237.000000,237.000000,212.753387,0
2011-07-07,237.000000,237.000000,237.000000,237.000000,212.753387,0
2011-07-08,237.000000,237.000000,237.000000,237.000000,212.753387,0
2011-07-11,237.000000,237.000000,237.000000,237.000000,212.753387,0
2011-07-12,237.000000,237.000000,237.000000,237.000000,212.753387,0
2011-07-13,237.000000,237.000000,237.000000,237.000000,212.753387,0
2011-07-14,237.000000,237.000000,237.000000,237.000000,212.753387,0
2011-07-15,237.000000,237.000000,237.000000,237.000000,212.753387,0
2011-07-18,237.000000,237.000000,237.000000,237.000000,212.753387,0
2011-07-19,237.000000,237.000000,237.000000,237.000000,212.753387,0
2011-07-20,237.000000,237.000000,237.000000,237.000000,212.753387,0
2011-07-21,237.000000,237.000000,237.000000,237.000000,212.753387,0
2011-07-22,237.000000,237.000000,237.000000,237.000000,212.753387,0
2011-07-25,237.000000,237.000000,237.000000,237.000000,212.753387,0
2011-07-26,237.000000,237.000000,237.000000,237.000000,212.753387,0
2011-07-27,237.000000,237.000000,237.000000,237.000000,212.753387,0
2011-07-28,237.000000,237.000000,237.000000,237.000000,212.753387,0
2011-07-29,237.000000,237.000000,237.000000,237.000000,212.753387,0
2011-08-01,237.000000,237.000000,237.000000,237.000000,212.753387,0
2011-08-02,237.000000,237.000000,237.000000,237.000000,212.753387,0
2011-08-03,237.000000,237.000000,237.000000,237.000000,212.753387,0
2011-08-04,237.000000,237.000000,237.000000,237.000000,212.753387,0
2011-08-05,237.000000,237.000000,237.000000,237.000000,212.753387,0
2011-08-08,237.000000,237.000000,237.000000,237.000000,212.753387,0
2011-08-09,237.000000,237.000000,237.000000,237.000000,212.753387,0
2011-08-10,237.000000,237.000000,237.000000,237.000000,212.753387,0
2011-08-11,237.000000,237.000000,237.000000,237.000000,212.753387,0
2011-08-12,237.000000,237.000000,237.000000,237.000000,212.753387,0
2011-08-15,237.000000,237.000000,237.000000,237.000000,212.753387,0
2011-08-16,237.000000,237.000000,237.000000,237.000000,212.753387,0
2011-08-17,237.000000,237.000000,237.000000,237.000000,212.753387,0
2011-08-18,237.000000,237.000000,237.000000,237.000000,212.753387,0
2011-08-19,237.000000,237.000000,237.000000,237.000000,212.753387,0
2011-08-22,237.000000,237.000000,237.000000,237.000000,212.753387,0
2011-08-23,237.000000,237.000000,237.000000,237.000000,212.753387,0
2011-08-24,237.000000,237.000000,237.000000,237.000000,212.753387,0
2011-08-25,237.000000,237.000000,237.000000,237.000000,212.753387,0
2011-08-26,237.000000,237.000000,237.000000,237.000000,212.753387,0
2011-08-29,237.000000,237.000000,237.000000,237.000000,212.753387,0
2011-08-30,237.000000,237.000000,237.000000,237.000000,213.203232,0
2011-08-31,237.000000,237.000000,237.000000,237.000000,213.203232,0
2011-09-01,237.000000,237.000000,237.000000,237.000000,213.203232,0
2011-09-02,237.000000,237.000000,237.000000,237.000000,213.203232,0
2011-09-06,237.000000,237.000000,237.000000,237.000000,213.203232,0
2011-09-07,237.000000,237.000000,237.000000,237.000000,213.203232,0
2011-09-08,237.000000,237.000000,237.000000,237.000000,213.203232,0
2011-09-09,237.000000,237.000000,237.000000,237.000000,213.203232,0
2011-09-12,237.000000,237.000000,237.000000,237.000000,213.203232,0
2011-09-13,237.000000,237.000000,237.000000,237.000000,213.203232,0
2011-09-14,237.000000,237.000000,237.000000,237.000000,213.203232,0
2011-09-15,237.000000,237.000000,237.000000,237.000000,213.203232,0
2011-09-16,237.000000,237.000000,237.000000,237.000000,213.203232,0
2011-09-19,237.000000,237.000000,237.000000,237.000000,213.203232,0
2011-09-20,237.000000,237.000000,237.000000,237.000000,213.203232,0
2011-09-21,237.000000,237.000000,237.000000,237.000000,213.203232,0
2011-09-22,237.000000,237.000000,237.000000,237.000000,213.203232,0
2011-09-23,237.000000,237.000000,237.000000,237.000000,213.203232,0
2011-09-26,237.000000,237.000000,237.000000,237.000000,213.203232,0
2011-09-27,237.000000,237.000000,237.000000,237.000000,213.203232,0
2011-09-28,237.000000,237.000000,237.000000,237.000000,213.203232,0
2011-09-29,237.000000,237.000000,237.000000,237.000000,213.203232,0
2011-09-30,237.000000,237.000000,237.000000,237.000000,213.203232,0
2011-10-03,237.000000,237.000000,237.000000,237.000000,213.203232,0
2011-10-04,237.000000,237.000000,237.000000,237.000000,213.203232,0
2011-10-05,237.000000,237.000000,237.000000,237.000000,213.203232,0
2011-10-06,237.000000,237.000000,237.000000,237.000000,213.203232,0
2011-10-07,237.000000,237.000000,237.000000,237.000000,213.203232,0
2011-10-10,237.000000,237.000000,237.000000,237.000000,213.203232,0
2011-10-11,237.000000,237.000000,237.000000,237.000000,213.203232,0
2011-10-12,237.000000,237.000000,237.000000,237.000000,213.203232,0
2011-10-13,238.000000,238.000000,238.000000,238.000000,214.102783,100
2011-10-14,238.000000,238.000000,238.000000,238.000000,214.102783,0
2011-10-17,238.000000,238.000000,238.000000,238.000000,214.102783,0
2011-10-18,238.000000,238.000000,238.000000,238.000000,214.102783,0
2011-10-19,238.000000,238.000000,238.000000,238.000000,214.102783,0
2011-10-20,238.000000,238.000000,238.000000,238.000000,214.102783,0
2011-10-21,238.000000,238.000000,238.000000,238.000000,214.102783,0
2011-10-24,238.000000,238.000000,238.000000,238.000000,214.102783,0
2011-10-25,238.000000,238.000000,238.000000,238.000000,214.102783,0
2011-10-26,238.000000,238.000000,238.000000,238.000000,214.102783,0
2011-10-27,238.000000,238.000000,238.000000,238.000000,214.102783,0
2011-10-28,238.000000,238.000000,238.000000,238.000000,214.102783,0
2011-10-31,238.000000,238.000000,238.000000,238.000000,214.102783,0
2011-11-01,238.000000,238.000000,238.000000,238.000000,214.102783,0
2011-11-02,238.000000,238.000000,238.000000,238.000000,214.102783,0
2011-11-03,238.000000,238.000000,238.000000,238.000000,214.102783,0
2011-11-04,238.000000,238.000000,238.000000,238.000000,214.102783,0
2011-11-07,238.000000,238.000000,238.000000,238.000000,214.102783,0
2011-11-08,238.000000,238.000000,238.000000,238.000000,214.102783,0
2011-11-09,238.000000,238.000000,238.000000,238.000000,214.102783,0
2011-11-10,238.000000,238.000000,238.000000,238.000000,214.102783,0
2011-11-11,238.000000,238.000000,238.000000,238.000000,214.102783,0
2011-11-14,238.000000,238.000000,238.000000,238.000000,214.102783,0
2011-11-15,238.000000,238.000000,238.000000,238.000000,214.102783,0
2011-11-16,238.000000,238.000000,236.000000,236.000000,212.303604,100
2011-11-17,236.000000,236.000000,236.000000,236.000000,212.303604,0
2011-11-18,236.000000,236.000000,236.000000,236.000000,212.303604,0
2011-11-21,236.000000,236.000000,236.000000,236.000000,212.303604,0
2011-11-22,236.000000,236.000000,236.000000,236.000000,212.303604,0
2011-11-23,236.000000,236.000000,236.000000,236.000000,212.303604,0
2011-11-25,236.000000,236.000000,236.000000,236.000000,212.303604,0
2011-11-28,236.000000,236.000000,236.000000,236.000000,212.303604,0
2011-11-29,236.000000,236.000000,236.000000,236.000000,212.754364,0
2011-11-30,236.000000,236.000000,236.000000,236.000000,212.754364,0
2011-12-01,236.000000,236.000000,236.000000,236.000000,212.754364,0
2011-12-02,236.000000,236.000000,236.000000,236.000000,212.754364,0
2011-12-05,236.000000,236.000000,236.000000,236.000000,212.754364,0
2011-12-06,236.000000,236.000000,236.000000,236.000000,212.754364,0
2011-12-07,236.000000,236.000000,236.000000,236.000000,212.754364,0
2011-12-08,236.000000,236.000000,236.000000,236.000000,212.754364,0
2011-12-09,236.000000,236.000000,236.000000,236.000000,212.754364,0
2011-12-12,236.000000,236.000000,236.000000,236.000000,212.754364,0
2011-12-13,236.000000,236.000000,236.000000,236.000000,212.754364,0
2011-12-14,240.000000,240.000000,240.000000,240.000000,216.360367,200
2011-12-15,240.000000,240.000000,240.000000,240.000000,216.360367,0
2011-12-16,240.000000,240.000000,240.000000,240.000000,216.360367,0
2011-12-19,240.000000,240.000000,240.000000,240.000000,216.360367,0
2011-12-20,240.000000,240.000000,240.000000,240.000000,216.360367,0
2011-12-21,240.000000,240.000000,240.000000,240.000000,216.360367,0
2011-12-22,240.000000,240.000000,240.000000,240.000000,216.360367,0
2011-12-23,240.000000,240.000000,240.000000,240.000000,216.360367,0
2011-12-27,240.000000,240.000000,240.000000,240.000000,216.360367,0
2011-12-28,240.000000,240.000000,240.000000,240.000000,216.360367,0
2011-12-29,240.000000,240.000000,240.000000,240.000000,216.360367,0
2011-12-30,240.000000,240.000000,240.000000,240.000000,216.360367,0
2012-01-03,240.000000,240.000000,240.000000,240.000000,216.360367,0
2012-01-04,240.000000,240.000000,240.000000,240.000000,216.360367,0
2012-01-05,240.000000,240.000000,240.000000,240.000000,216.360367,0
2012-01-06,240.000000,240.000000,240.000000,240.000000,216.360367,0
2012-01-09,240.000000,240.000000,240.000000,240.000000,216.360367,0
2012-01-10,240.000000,240.000000,240.000000,240.000000,216.360367,0
2012-01-11,240.000000,240.000000,240.000000,240.000000,216.360367,0
2012-01-12,240.000000,240.000000,240.000000,240.000000,216.360367,0
2012-01-13,240.000000,240.000000,240.000000,240.000000,216.360367,0
2012-01-17,240.000000,240.000000,240.000000,240.000000,216.360367,0
2012-01-18,240.000000,240.000000,240.000000,240.000000,216.360367,0
2012-01-19,240.000000,240.000000,240.000000,240.000000,216.360367,0
2012-01-20,240.000000,240.000000,240.000000,240.000000,216.360367,0
2012-01-23,240.000000,240.000000,240.000000,240.000000,216.360367,0
2012-01-24,240.000000,240.000000,240.000000,240.000000,216.360367,0
2012-01-25,240.000000,240.000000,240.000000,240.000000,216.360367,0
2012-01-26,240.000000,240.000000,240.000000,240.000000,216.360367,0
2012-01-27,240.000000,240.000000,240.000000,240.000000,216.360367,0
2012-01-30,390.000000,450.000000,390.000000,450.000000,405.675659,200
2012-01-31,245.000000,245.000000,245.000000,245.000000,220.867905,100
2012-02-01,245.000000,245.000000,245.000000,245.000000,220.867905,0
2012-02-02,245.000000,245.000000,245.000000,245.000000,220.867905,0
2012-02-03,245.000000,245.000000,245.000000,245.000000,220.867905,0
2012-02-06,245.000000,245.000000,245.000000,245.000000,220.867905,0
2012-02-07,245.000000,245.000000,245.000000,245.000000,220.867905,0
2012-02-08,245.000000,245.000000,245.000000,245.000000,220.867905,0
2012-02-09,245.000000,245.000000,245.000000,245.000000,220.867905,0
2012-02-10,245.000000,245.000000,245.000000,245.000000,220.867905,0
2012-02-13,245.000000,245.000000,245.000000,245.000000,220.867905,0
2012-02-14,240.000000,240.000000,240.000000,240.000000,216.360367,100
2012-02-15,240.000000,240.000000,240.000000,240.000000,216.360367,0
2012-02-16,240.000000,240.000000,240.000000,240.000000,216.360367,0
2012-02-17,240.000000,240.000000,240.000000,240.000000,216.360367,0
2012-02-21,240.000000,240.000000,240.000000,240.000000,216.360367,0
2012-02-22,240.000000,240.000000,240.000000,240.000000,216.360367,0
2012-02-23,242.000000,242.000000,242.000000,242.000000,218.163361,100
2012-02-24,242.000000,242.009995,242.000000,242.000000,218.163361,200
2012-02-27,242.000000,242.000000,242.000000,242.000000,218.163361,0
2012-02-28,242.000000,242.000000,242.000000,242.000000,218.615051,0
2012-02-29,242.000000,242.000000,242.000000,242.000000,218.615051,0
2012-03-01,242.000000,242.000000,242.000000,242.000000,218.615051,0
2012-03-02,242.000000,242.000000,242.000000,242.000000,218.615051,0
2012-03-05,242.000000,242.000000,242.000000,242.000000,218.615051,0
2012-03-06,242.000000,242.000000,242.000000,242.000000,218.615051,0
2012-03-07,242.000000,242.000000,242.000000,242.000000,218.615051,0
2012-03-08,242.000000,242.000000,242.000000,242.000000,218.615051,0
2012-03-09,242.000000,242.000000,242.000000,242.000000,218.615051,0
2012-03-12,242.000000,242.000000,242.000000,242.000000,218.615051,0
2012-03-13,242.000000,242.000000,242.000000,242.000000,218.615051,0
2012-03-14,242.000000,242.000000,242.000000,242.000000,218.615051,0
2012-03-15,242.000000,242.000000,242.000000,242.000000,218.615051,0
2012-03-16,242.000000,242.000000,242.000000,242.000000,218.615051,0
2012-03-19,242.000000,242.000000,242.000000,242.000000,218.615051,0
2012-03-20,242.000000,242.000000,242.000000,242.000000,218.615051,0
2012-03-21,242.000000,242.000000,242.000000,242.000000,218.615051,0
2012-03-22,242.000000,242.000000,242.000000,242.000000,218.615051,0
2012-03-23,242.000000,242.000000,242.000000,242.000000,218.615051,0
2012-03-26,242.000000,242.000000,242.000000,242.000000,218.615051,0
2012-03-27,242.000000,242.000000,242.000000,242.000000,218.615051,0
2012-03-28,242.000000,242.000000,242.000000,242.000000,218.615051,0
2012-03-29,242.000000,242.000000,242.000000,242.000000,218.615051,0
2012-03-30,242.000000,242.000000,242.000000,242.000000,218.615051,0
2012-04-02,242.000000,242.000000,242.000000,242.000000,218.615051,0
2012-04-03,242.000000,242.000000,242.000000,242.000000,218.615051,0
2012-04-04,242.000000,242.000000,242.000000,242.000000,218.615051,0
2012-04-05,242.000000,242.000000,242.000000,242.000000,218.615051,0
2012-04-09,242.000000,242.000000,242.000000,242.000000,218.615051,0
2012-04-10,242.000000,242.000000,242.000000,242.000000,218.615051,0
2012-04-11,242.000000,242.000000,242.000000,242.000000,218.615051,0
2012-04-12,243.500000,248.500000,243.500000,248.500000,224.486969,500
2012-04-13,248.500000,248.500000,248.500000,248.500000,224.486969,200
2012-04-16,248.500000,248.500000,248.500000,248.500000,224.486969,0
2012-04-17,248.500000,248.500000,248.500000,248.500000,224.486969,0
2012-04-18,248.500000,248.500000,248.500000,248.500000,224.486969,0
2012-04-19,245.000000,245.000000,245.000000,245.000000,221.325180,400
2012-04-20,245.000000,245.000000,245.000000,245.000000,221.325180,400
2012-04-23,245.000000,245.000000,245.000000,245.000000,221.325180,0
2012-04-24,245.000000,245.000000,245.000000,245.000000,221.325180,0
2012-04-25,248.000000,248.000000,248.000000,248.000000,224.035263,100
2012-04-26,248.000000,248.000000,248.000000,248.000000,224.035263,0
2012-04-27,248.000000,248.000000,248.000000,248.000000,224.035263,0
2012-04-30,248.000000,248.000000,248.000000,248.000000,224.035263,0
2012-05-01,248.000000,248.000000,248.000000,248.000000,224.035263,0
2012-05-02,248.000000,248.000000,248.000000,248.000000,224.035263,0
2012-05-03,248.000000,248.000000,248.000000,248.000000,224.035263,0
2012-05-04,248.000000,248.000000,248.000000,248.000000,224.035263,0
2012-05-07,251.500000,251.500000,251.500000,251.500000,227.197067,100
2012-05-08,251.500000,251.500000,251.500000,251.500000,227.197067,0
2012-05-09,250.029999,250.029999,250.029999,250.029999,225.869095,100
2012-05-10,250.029999,250.029999,250.029999,250.029999,225.869095,0
2012-05-11,250.029999,250.029999,250.029999,250.029999,225.869095,0
2012-05-14,250.029999,250.029999,250.029999,250.029999,225.869095,0
2012-05-15,250.029999,250.029999,250.029999,250.029999,225.869095,0
2012-05-16,250.029999,250.029999,250.029999,250.029999,225.869095,0
2012-05-17,250.029999,250.029999,250.029999,250.029999,225.869095,0
2012-05-18,250.029999,250.029999,250.029999,250.029999,225.869095,0
2012-05-21,250.029999,250.029999,250.029999,250.029999,225.869095,0
2012-05-22,250.029999,250.029999,250.029999,250.029999,225.869095,0
2012-05-23,250.029999,250.029999,250.029999,250.029999,225.869095,0
2012-05-24,248.500000,253.500000,248.460007,253.500000,229.003754,500
2012-05-25,253.500000,253.500000,253.500000,253.500000,229.003754,0
2012-05-29,253.500000,253.500000,253.500000,253.500000,229.003754,100
2012-05-30,253.500000,253.500000,253.500000,253.500000,229.456360,0
2012-05-31,253.500000,253.500000,253.500000,253.500000,229.456360,0
2012-06-01,253.500000,253.500000,253.500000,253.500000,229.456360,0
2012-06-04,253.500000,253.500000,253.500000,253.500000,229.456360,0
2012-06-05,253.500000,253.500000,253.500000,253.500000,229.456360,0
2012-06-06,253.500000,253.500000,253.500000,253.500000,229.456360,0
2012-06-07,253.500000,253.500000,253.500000,253.500000,229.456360,0
2012-06-08,253.500000,253.500000,253.500000,253.500000,229.456360,0
2012-06-11,253.500000,253.500000,253.500000,253.500000,229.456360,0
2012-06-12,253.500000,253.500000,253.500000,253.500000,229.456360,0
2012-06-13,253.500000,253.500000,253.500000,253.500000,229.456360,0
2012-06-14,253.500000,253.500000,253.500000,253.500000,229.456360,0
2012-06-15,253.500000,253.500000,253.500000,253.500000,229.456360,0
2012-06-18,253.500000,253.500000,253.500000,253.500000,229.456360,0
2012-06-19,253.500000,253.500000,253.500000,253.500000,229.456360,0
2012-06-20,253.500000,253.500000,253.500000,253.500000,229.456360,0
2012-06-21,250.000000,250.000000,250.000000,250.000000,226.288361,100
2012-06-22,250.000000,250.000000,250.000000,250.000000,226.288361,0
2012-06-25,250.000000,250.000000,250.000000,250.000000,226.288361,0
2012-06-26,250.000000,250.000000,250.000000,250.000000,226.288361,0
2012-06-27,250.000000,250.000000,250.000000,250.000000,226.288361,0
2012-06-28,250.000000,250.000000,250.000000,250.000000,226.288361,0
2012-06-29,250.000000,250.000000,250.000000,250.000000,226.288361,0
2012-07-02,250.000000,250.000000,250.000000,250.000000,226.288361,0
2012-07-03,250.000000,250.000000,250.000000,250.000000,226.288361,0
2012-07-05,250.000000,250.000000,250.000000,250.000000,226.288361,0
2012-07-06,250.000000,250.000000,250.000000,250.000000,226.288361,0
2012-07-09,250.000000,250.000000,250.000000,250.000000,226.288361,0
2012-07-10,250.000000,250.000000,250.000000,250.000000,226.288361,0
2012-07-11,250.000000,250.000000,250.000000,250.000000,226.288361,0
2012-07-12,250.000000,250.000000,250.000000,250.000000,226.288361,0
2012-07-13,250.000000,250.000000,250.000000,250.000000,226.288361,0
2012-07-16,250.000000,250.000000,250.000000,250.000000,226.288361,0
2012-07-17,250.000000,250.000000,250.000000,250.000000,226.288361,0
2012-07-18,250.000000,252.500000,250.000000,250.000000,226.288361,400
2012-07-19,250.000000,250.000000,250.000000,250.000000,226.288361,0
2012-07-20,250.000000,250.000000,250.000000,250.000000,226.288361,0
2012-07-23,250.000000,250.000000,250.000000,250.000000,226.288361,0
2012-07-24,250.000000,250.000000,250.000000,250.000000,226.288361,0
2012-07-25,250.000000,250.000000,250.000000,250.000000,226.288361,0
2012-07-26,250.000000,250.000000,250.000000,250.000000,226.288361,0
2012-07-27,250.000000,250.000000,250.000000,250.000000,226.288361,0
2012-07-30,250.000000,250.000000,250.000000,250.000000,226.288361,0
2012-07-31,250.000000,250.000000,250.000000,250.000000,226.288361,0
2012-08-01,250.000000,250.000000,250.000000,250.000000,226.288361,0
2012-08-02,260.000000,260.000000,260.000000,260.000000,235.339844,200
2012-08-03,260.000000,260.000000,260.000000,260.000000,235.339844,0
2012-08-06,260.000000,260.000000,260.000000,260.000000,235.339844,0
2012-08-07,260.000000,260.000000,260.000000,260.000000,235.339844,0
2012-08-08,260.000000,260.000000,260.000000,260.000000,235.339844,0
2012-08-09,260.000000,260.000000,260.000000,260.000000,235.339844,0
2012-08-10,260.000000,260.000000,260.000000,260.000000,235.339844,0
2012-08-13,260.000000,260.000000,260.000000,260.000000,235.339844,0
2012-08-14,260.000000,260.000000,260.000000,260.000000,235.339844,0
2012-08-15,260.000000,260.000000,260.000000,260.000000,235.339844,0
2012-08-16,260.000000,260.000000,260.000000,260.000000,235.339844,0
2012-08-17,260.000000,260.000000,260.000000,260.000000,235.339844,0
2012-08-20,260.000000,260.000000,260.000000,260.000000,235.339844,0
2012-08-21,260.000000,260.000000,260.000000,260.000000,235.339844,0
2012-08-22,260.000000,260.000000,260.000000,260.000000,235.339844,0
2012-08-23,260.000000,260.000000,260.000000,260.000000,235.339844,0
2012-08-24,260.000000,260.000000,260.000000,260.000000,235.339844,0
2012-08-27,260.000000,260.000000,260.000000,260.000000,235.339844,0
2012-08-28,260.000000,260.000000,260.000000,260.000000,235.339844,0
2012-08-29,260.000000,260.000000,260.000000,260.000000,235.793289,0
2012-08-30,260.000000,260.000000,260.000000,260.000000,235.793289,0
2012-08-31,260.000000,260.000000,260.000000,260.000000,235.793289,0
2012-09-04,260.000000,260.000000,260.000000,260.000000,235.793289,0
2012-09-05,260.000000,260.000000,260.000000,260.000000,235.793289,0
2012-09-06,260.000000,260.000000,260.000000,260.000000,235.793289,0
2012-09-07,260.000000,260.000000,260.000000,260.000000,235.793289,0
2012-09-10,260.000000,260.000000,260.000000,260.000000,235.793289,0
2012-09-11,260.000000,260.000000,260.000000,260.000000,235.793289,0
2012-09-12,260.000000,260.000000,260.000000,260.000000,235.793289,0
2012-09-13,260.000000,260.000000,260.000000,260.000000,235.793289,0
2012-09-14,260.000000,260.000000,260.000000,260.000000,235.793289,0
2012-09-17,260.000000,260.000000,260.000000,260.000000,235.793289,0
2012-09-18,260.000000,260.000000,260.000000,260.000000,235.793289,0
2012-09-19,260.000000,260.000000,260.000000,260.000000,235.793289,0
2012-09-20,260.000000,260.000000,260.000000,260.000000,235.793289,0
2012-09-21,260.000000,260.000000,260.000000,260.000000,235.793289,0
2012-09-24,260.000000,260.000000,260.000000,260.000000,235.793289,0
2012-09-25,260.000000,260.000000,260.000000,260.000000,235.793289,0
2012-09-26,260.000000,260.000000,260.000000,260.000000,235.793289,0
2012-09-27,260.000000,260.000000,260.000000,260.000000,235.793289,0
2012-09-28,260.000000,260.000000,260.000000,260.000000,235.793289,0
2012-10-01,260.000000,260.000000,260.000000,260.000000,235.793289,0
2012-10-02,260.000000,260.000000,260.000000,260.000000,235.793289,0
2012-10-03,260.000000,260.000000,260.000000,260.000000,235.793289,0
2012-10-04,260.000000,260.000000,260.000000,260.000000,235.793289,0
2012-10-05,260.000000,260.000000,260.000000,260.000000,235.793289,0
2012-10-08,260.000000,260.000000,260.000000,260.000000,235.793289,0
2012-10-09,260.000000,260.000000,260.000000,260.000000,235.793289,0
2012-10-10,260.000000,260.000000,260.000000,260.000000,235.793289,0
2012-10-11,260.000000,260.000000,260.000000,260.000000,235.793289,0
2012-10-12,260.000000,260.000000,260.000000,260.000000,235.793289,0
2012-10-15,260.000000,260.000000,260.000000,260.000000,235.793289,0
2012-10-16,257.000000,257.000000,257.000000,257.000000,233.072632,100
2012-10-17,257.000000,257.000000,257.000000,257.000000,233.072632,0
2012-10-18,257.000000,257.000000,257.000000,257.000000,233.072632,0
2012-10-19,257.000000,257.000000,257.000000,257.000000,233.072632,0
2012-10-22,257.000000,257.000000,257.000000,257.000000,233.072632,0
2012-10-23,257.000000,257.000000,257.000000,257.000000,233.072632,0
2012-10-24,257.000000,257.000000,257.000000,257.000000,233.072632,0
2012-10-25,257.000000,257.000000,257.000000,257.000000,233.072632,0
2012-10-26,257.000000,257.000000,257.000000,257.000000,233.072632,0
2012-10-31,257.000000,257.000000,257.000000,257.000000,233.072632,0
2012-11-01,257.000000,257.000000,257.000000,257.000000,233.072632,0
2012-11-02,257.000000,257.000000,257.000000,257.000000,233.072632,0
2012-11-05,257.000000,257.000000,257.000000,257.000000,233.072632,0
2012-11-06,257.000000,257.000000,257.000000,257.000000,233.072632,0
2012-11-07,257.000000,257.000000,257.000000,257.000000,233.072632,0
2012-11-08,257.000000,257.000000,257.000000,257.000000,233.072632,0
2012-11-09,257.000000,257.000000,257.000000,257.000000,233.072632,0
2012-11-12,257.000000,257.000000,257.000000,257.000000,233.072632,0
2012-11-13,257.000000,257.000000,257.000000,257.000000,233.072632,0
2012-11-14,257.000000,257.000000,257.000000,257.000000,233.072632,0
2012-11-15,257.000000,257.000000,257.000000,257.000000,233.072632,0
2012-11-16,257.000000,257.000000,257.000000,257.000000,233.072632,0
2012-11-19,257.000000,257.000000,257.000000,257.000000,233.072632,0
2012-11-20,257.000000,257.000000,257.000000,257.000000,233.072632,0
2012-11-21,257.000000,257.000000,257.000000,257.000000,233.072632,0
2012-11-23,257.000000,257.000000,257.000000,257.000000,233.072632,0
2012-11-26,257.000000,257.000000,257.000000,257.000000,233.072632,0
2012-11-27,257.000000,257.000000,257.000000,257.000000,233.072632,0
2012-11-28,257.000000,257.000000,257.000000,257.000000,233.072632,0
2012-11-29,257.000000,257.000000,257.000000,257.000000,233.526932,0
2012-11-30,257.000000,257.000000,257.000000,257.000000,233.526932,0
2012-12-03,257.000000,257.000000,257.000000,257.000000,233.526932,0
2012-12-04,257.000000,257.000000,257.000000,257.000000,233.526932,0
2012-12-05,257.000000,257.000000,257.000000,257.000000,233.526932,0
2012-12-06,257.000000,257.000000,257.000000,257.000000,233.526932,0
2012-12-07,257.000000,257.000000,257.000000,257.000000,233.526932,0
2012-12-10,257.000000,257.000000,257.000000,257.000000,233.526932,0
2012-12-11,257.000000,257.000000,257.000000,257.000000,233.526932,0
2012-12-12,257.000000,257.000000,257.000000,257.000000,241.029800,0
2012-12-13,257.000000,257.000000,257.000000,257.000000,241.029800,0
2012-12-14,257.000000,257.000000,257.000000,257.000000,241.029800,0
2012-12-17,257.000000,257.000000,257.000000,257.000000,241.029800,0
2012-12-18,257.000000,257.000000,257.000000,257.000000,241.029800,0
2012-12-19,257.000000,257.000000,257.000000,257.000000,241.029800,0
2012-12-20,257.000000,257.000000,257.000000,257.000000,241.029800,0
2012-12-21,257.000000,257.000000,257.000000,257.000000,241.029800,0
2012-12-24,257.000000,257.000000,257.000000,257.000000,241.029800,0
2012-12-26,257.000000,257.000000,257.000000,257.000000,241.029800,0
2012-12-27,255.000000,255.000000,255.000000,255.000000,239.154099,0
2012-12-28,255.000000,255.000000,255.000000,255.000000,239.154099,0
2012-12-31,255.000000,255.000000,255.000000,255.000000,239.154099,0
2013-01-02,255.000000,255.000000,255.000000,255.000000,239.154099,0
2013-01-03,255.000000,255.000000,255.000000,255.000000,239.154099,0
2013-01-04,255.000000,255.000000,255.000000,255.000000,239.154099,0
2013-01-07,255.000000,255.000000,255.000000,255.000000,239.154099,0
2013-01-08,255.000000,255.000000,255.000000,255.000000,239.154099,0
2013-01-09,255.000000,255.000000,255.000000,255.000000,239.154099,0
2013-01-10,255.000000,255.000000,255.000000,255.000000,239.154099,0
2013-01-11,255.000000,255.000000,255.000000,255.000000,239.154099,0
2013-01-14,255.000000,255.000000,255.000000,255.000000,239.154099,0
2013-01-15,255.000000,255.000000,255.000000,255.000000,239.154099,0
2013-01-16,255.000000,255.000000,255.000000,255.000000,239.154099,0
2013-01-17,255.000000,255.000000,255.000000,255.000000,239.154099,0
2013-01-18,255.000000,255.000000,255.000000,255.000000,239.154099,0
2013-01-22,255.000000,255.000000,255.000000,255.000000,239.154099,0
2013-01-23,255.000000,255.000000,255.000000,255.000000,239.154099,100
2013-01-24,262.000000,262.000000,262.000000,262.000000,245.719162,100
2013-01-25,262.000000,262.000000,262.000000,262.000000,245.719162,0
2013-01-28,262.000000,262.000000,262.000000,262.000000,245.719162,0
2013-01-29,262.000000,262.000000,262.000000,262.000000,245.719162,0
2013-01-30,262.000000,262.000000,262.000000,262.000000,245.719162,0
2013-01-31,262.000000,262.000000,262.000000,262.000000,245.719162,0
2013-02-01,262.000000,262.000000,262.000000,262.000000,245.719162,0
2013-02-04,262.000000,262.000000,262.000000,262.000000,245.719162,0
2013-02-05,262.000000,262.000000,262.000000,262.000000,245.719162,0
2013-02-06,262.000000,262.000000,262.000000,262.000000,245.719162,0
2013-02-07,262.000000,262.000000,262.000000,262.000000,245.719162,0
2013-02-08,262.000000,262.000000,262.000000,262.000000,245.719162,0
2013-02-11,262.000000,262.000000,262.000000,262.000000,245.719162,0
2013-02-12,262.000000,262.000000,262.000000,262.000000,245.719162,0
2013-02-13,262.000000,262.000000,262.000000,262.000000,245.719162,0
2013-02-14,262.000000,262.000000,262.000000,262.000000,245.719162,0
2013-02-15,262.000000,262.000000,262.000000,262.000000,245.719162,0
2013-02-19,262.000000,262.000000,262.000000,262.000000,245.719162,0
2013-02-20,262.000000,262.000000,262.000000,262.000000,245.719162,0
2013-02-21,262.000000,262.000000,262.000000,262.000000,245.719162,0
2013-02-22,262.000000,262.000000,262.000000,262.000000,245.719162,0
2013-02-25,262.000000,262.000000,262.000000,262.000000,245.719162,0
2013-02-26,262.000000,262.000000,262.000000,262.000000,245.719162,0
2013-02-27,262.000000,262.000000,262.000000,262.000000,245.719162,0
2013-02-28,262.000000,262.000000,262.000000,262.000000,245.719162,0
2013-03-01,262.000000,262.000000,262.000000,262.000000,245.719162,0
2013-03-04,262.000000,262.000000,262.000000,262.000000,245.719162,0
2013-03-05,262.000000,262.000000,262.000000,262.000000,245.719162,0
2013-03-06,262.000000,262.000000,262.000000,262.000000,245.719162,0
2013-03-07,262.000000,262.000000,262.000000,262.000000,245.719162,0
2013-03-08,262.000000,262.000000,262.000000,262.000000,245.719162,0
2013-03-11,262.000000,262.000000,262.000000,262.000000,245.719162,0
2013-03-12,262.000000,262.000000,262.000000,262.000000,245.719162,0
2013-03-13,262.000000,262.000000,262.000000,262.000000,245.719162,0
2013-03-14,262.000000,262.000000,262.000000,262.000000,245.719162,0
2013-03-15,262.000000,262.000000,262.000000,262.000000,245.719162,0
2013-03-18,262.000000,262.000000,262.000000,262.000000,245.719162,0
2013-03-19,262.000000,262.000000,262.000000,262.000000,245.719162,0
2013-03-20,262.000000,262.000000,262.000000,262.000000,245.719162,0
2013-03-21,262.000000,262.000000,262.000000,262.000000,245.719162,0
2013-03-22,262.000000,262.000000,262.000000,262.000000,245.719162,0
2013-03-25,262.000000,262.000000,262.000000,262.000000,245.719162,0
2013-03-26,262.000000,262.000000,262.000000,262.000000,245.719162,0
2013-03-27,262.000000,262.000000,262.000000,262.000000,245.719162,0
2013-03-28,262.000000,262.000000,262.000000,262.000000,245.719162,0
2013-04-01,262.000000,262.000000,262.000000,262.000000,245.719162,0
2013-04-02,262.000000,262.000000,262.000000,262.000000,245.719162,0
2013-04-03,262.000000,262.000000,262.000000,262.000000,245.719162,0
2013-04-04,262.000000,262.000000,262.000000,262.000000,245.719162,0
2013-04-05,262.000000,262.000000,262.000000,262.000000,245.719162,0
2013-04-08,262.000000,262.000000,262.000000,262.000000,245.719162,0
2013-04-09,262.000000,262.000000,262.000000,262.000000,245.719162,0
2013-04-10,262.000000,262.000000,262.000000,262.000000,245.719162,0
2013-04-11,262.000000,262.000000,262.000000,262.000000,245.719162,0
2013-04-12,262.000000,262.000000,262.000000,262.000000,245.719162,0
2013-04-15,262.000000,262.000000,262.000000,262.000000,245.719162,0
2013-04-16,262.000000,262.000000,262.000000,262.000000,245.719162,0
2013-04-17,262.000000,262.000000,262.000000,262.000000,245.719162,0
2013-04-18,262.000000,262.000000,262.000000,262.000000,245.719162,0
2013-04-19,262.000000,262.000000,262.000000,262.000000,245.719162,0
2013-04-22,262.000000,262.000000,262.000000,262.000000,245.719162,0
2013-04-23,262.000000,262.000000,262.000000,262.000000,245.719162,0
2013-04-24,262.000000,262.000000,262.000000,262.000000,245.719162,0
2013-04-25,262.000000,262.000000,262.000000,262.000000,245.719162,0
2013-04-26,262.000000,262.000000,262.000000,262.000000,245.719162,0
2013-04-29,262.000000,262.000000,262.000000,262.000000,245.719162,0
2013-04-30,262.000000,262.000000,262.000000,262.000000,245.719162,0
2013-05-01,262.000000,262.000000,262.000000,262.000000,245.719162,0
2013-05-02,262.000000,262.000000,262.000000,262.000000,245.719162,0
2013-05-03,262.000000,262.000000,262.000000,262.000000,245.719162,0
2013-05-06,262.000000,262.000000,262.000000,262.000000,245.719162,0
2013-05-07,262.000000,262.000000,262.000000,262.000000,245.719162,0
2013-05-08,262.000000,262.000000,262.000000,262.000000,245.719162,0
2013-05-09,262.000000,262.000000,262.000000,262.000000,245.719162,0
2013-05-10,262.000000,262.000000,262.000000,262.000000,245.719162,0
2013-05-13,262.000000,262.000000,262.000000,262.000000,245.719162,0
2013-05-14,262.000000,262.000000,262.000000,262.000000,245.719162,0
2013-05-15,262.000000,262.000000,262.000000,262.000000,245.719162,0
2013-05-16,262.000000,262.000000,262.000000,262.000000,245.719162,0
2013-05-17,262.000000,262.000000,262.000000,262.000000,245.719162,0
2013-05-20,262.000000,262.000000,262.000000,262.000000,245.719162,0
2013-05-21,262.000000,262.000000,262.000000,262.000000,245.719162,0
2013-05-22,262.000000,262.000000,262.000000,262.000000,245.719162,0
2013-05-23,262.000000,262.000000,262.000000,262.000000,245.719162,0
2013-05-24,262.000000,262.000000,262.000000,262.000000,245.719162,0
2013-05-28,262.000000,262.000000,262.000000,262.000000,245.719162,0
2013-05-29,262.000000,262.000000,262.000000,262.000000,245.719162,0
2013-05-30,262.000000,262.000000,262.000000,262.000000,245.719162,0
2013-05-31,262.000000,262.000000,262.000000,262.000000,245.719162,0
2013-06-03,262.000000,262.000000,262.000000,262.000000,245.719162,0
2013-06-04,262.000000,262.000000,262.000000,262.000000,245.719162,0
2013-06-05,262.000000,262.000000,262.000000,262.000000,245.719162,0
2013-06-06,262.000000,262.000000,262.000000,262.000000,245.719162,0
2013-06-07,262.000000,262.000000,262.000000,262.000000,245.719162,0
2013-06-10,262.000000,262.000000,262.000000,262.000000,245.719162,0
2013-06-11,262.000000,262.000000,262.000000,262.000000,245.719162,0
2013-06-12,262.000000,262.000000,262.000000,262.000000,245.719162,0
2013-06-13,262.000000,262.000000,262.000000,262.000000,245.719162,0
2013-06-14,262.000000,262.000000,262.000000,262.000000,245.719162,0
2013-06-17,262.000000,262.000000,262.000000,262.000000,245.719162,0
2013-06-18,262.000000,262.000000,262.000000,262.000000,245.719162,0
2013-06-19,262.000000,262.000000,262.000000,262.000000,245.719162,0
2013-06-20,267.000000,267.000000,267.000000,267.000000,250.408447,100
2013-06-21,267.000000,267.000000,267.000000,267.000000,250.408447,0
2013-06-24,267.000000,267.000000,267.000000,267.000000,250.408447,0
2013-06-25,267.000000,267.000000,267.000000,267.000000,250.408447,0
2013-06-26,267.000000,267.000000,267.000000,267.000000,250.408447,0
2013-06-27,267.000000,267.000000,267.000000,267.000000,250.408447,0
2013-06-28,267.000000,267.000000,267.000000,267.000000,250.408447,0
2013-07-01,267.000000,267.000000,267.000000,267.000000,250.408447,0
2013-07-02,267.000000,267.000000,267.000000,267.000000,250.408447,0
2013-07-03,267.000000,267.000000,267.000000,267.000000,250.408447,0
2013-07-05,267.000000,267.000000,267.000000,267.000000,250.408447,0
2013-07-08,267.000000,267.000000,267.000000,267.000000,250.408447,0
2013-07-09,267.000000,267.000000,267.000000,267.000000,250.408447,0
2013-07-10,267.040009,267.040009,267.040009,267.040009,250.445877,100
2013-07-11,267.040009,267.040009,267.040009,267.040009,250.445877,0
2013-07-12,267.040009,267.040009,267.040009,267.040009,250.445877,0
2013-07-15,267.040009,267.040009,267.040009,267.040009,250.445877,0
2013-07-16,267.040009,267.040009,267.040009,267.040009,250.445877,0
2013-07-17,267.040009,267.040009,267.040009,267.040009,250.445877,0
2013-07-18,267.040009,267.040009,267.040009,267.040009,250.445877,0
2013-07-19,267.040009,267.040009,267.040009,267.040009,250.445877,0
2013-07-22,267.040009,267.040009,267.040009,267.040009,250.445877,0
2013-07-23,267.040009,267.040009,267.040009,267.040009,250.445877,0
2013-07-24,267.040009,267.040009,267.040009,267.040009,250.445877,0
2013-07-25,267.040009,267.040009,267.040009,267.040009,250.445877,0
2013-07-26,267.040009,267.040009,267.040009,267.040009,250.445877,0
2013-07-29,267.040009,267.040009,267.040009,267.040009,250.445877,0
2013-07-30,267.040009,267.040009,267.040009,267.040009,250.445877,0
2013-07-31,267.040009,267.040009,267.040009,267.040009,250.445877,0
2013-08-01,267.040009,267.040009,267.040009,267.040009,250.445877,0
2013-08-02,267.040009,267.040009,267.040009,267.040009,250.445877,0
2013-08-05,267.040009,267.040009,267.040009,267.040009,250.445877,0
2013-08-06,267.040009,267.040009,267.040009,267.040009,250.445877,0
2013-08-07,267.040009,267.040009,267.040009,267.040009,250.445877,0
2013-08-08,267.040009,267.040009,267.040009,267.040009,250.445877,0
2013-08-09,267.040009,267.040009,267.040009,267.040009,250.445877,0
2013-08-12,267.040009,267.040009,267.040009,267.040009,250.445877,0
2013-08-13,267.040009,267.040009,267.040009,267.040009,250.445877,0
2013-08-14,267.040009,267.040009,267.040009,267.040009,250.445877,0
2013-08-15,267.040009,267.040009,267.040009,267.040009,250.445877,0
2013-08-16,267.040009,267.040009,267.040009,267.040009,250.445877,0
2013-08-19,267.040009,267.040009,267.040009,267.040009,250.445877,0
2013-08-20,267.040009,267.040009,267.040009,267.040009,250.445877,0
2013-08-21,267.040009,267.040009,267.040009,267.040009,250.445877,0
2013-08-22,267.040009,267.040009,267.040009,267.040009,250.445877,0
2013-08-23,267.040009,267.040009,267.040009,267.040009,250.445877,0
2013-08-26,271.500000,271.500000,271.500000,271.500000,254.628784,100
2013-08-27,271.500000,271.500000,271.500000,271.500000,254.628784,0
2013-08-28,271.500000,271.500000,271.500000,271.500000,254.628784,0
2013-08-29,271.500000,271.500000,271.500000,271.500000,254.628784,0
2013-08-30,271.500000,271.500000,271.500000,271.500000,254.628784,0
2013-09-03,271.500000,271.500000,271.500000,271.500000,254.628784,0
2013-09-04,271.500000,271.500000,271.500000,271.500000,254.628784,0
2013-09-05,271.500000,271.500000,271.500000,271.500000,254.628784,0
2013-09-06,271.500000,271.500000,271.500000,271.500000,254.628784,0
2013-09-09,273.000000,273.000000,273.000000,273.000000,256.035583,100
2013-09-10,273.000000,273.000000,273.000000,273.000000,256.035583,0
2013-09-11,273.000000,273.000000,273.000000,273.000000,256.035583,0
2013-09-12,273.000000,273.000000,273.000000,273.000000,256.035583,0
2013-09-13,273.000000,273.000000,273.000000,273.000000,256.035583,0
2013-09-16,273.000000,273.000000,273.000000,273.000000,256.035583,0
2013-09-17,273.000000,273.000000,273.000000,273.000000,256.035583,0
2013-09-18,273.000000,273.000000,273.000000,273.000000,256.035583,0
2013-09-19,273.000000,273.000000,273.000000,273.000000,256.035583,0
2013-09-20,273.000000,273.000000,273.000000,273.000000,256.035583,0
2013-09-23,273.000000,273.000000,273.000000,273.000000,256.035583,0
2013-09-24,273.000000,273.000000,273.000000,273.000000,256.035583,0
2013-09-25,273.000000,273.000000,273.000000,273.000000,256.035583,0
2013-09-26,273.000000,273.000000,273.000000,273.000000,256.035583,0
2013-09-27,273.000000,273.000000,273.000000,273.000000,256.035583,0
2013-09-30,273.000000,273.000000,273.000000,273.000000,256.035583,0
2013-10-01,273.000000,273.000000,273.000000,273.000000,256.035583,0
2013-10-02,273.000000,273.000000,273.000000,273.000000,256.035583,0
2013-10-03,273.000000,273.000000,273.000000,273.000000,256.035583,0
2013-10-04,273.000000,273.000000,273.000000,273.000000,256.035583,0
2013-10-07,273.000000,273.000000,273.000000,273.000000,256.035583,0
2013-10-08,273.250000,273.250000,273.250000,273.250000,256.270050,0
2013-10-09,273.250000,273.250000,273.250000,273.250000,256.270050,0
2013-10-10,273.250000,273.250000,273.250000,273.250000,256.270050,0
2013-10-11,273.250000,273.250000,273.250000,273.250000,256.270050,0
2013-10-14,273.250000,273.250000,273.250000,273.250000,256.270050,0
2013-10-15,273.250000,273.250000,273.250000,273.250000,256.270050,0
2013-10-16,273.250000,273.250000,273.250000,273.250000,256.270050,0
2013-10-17,273.250000,273.250000,273.250000,273.250000,256.270050,0
2013-10-18,273.250000,273.250000,273.250000,273.250000,256.270050,0
2013-10-21,273.250000,273.250000,273.250000,273.250000,256.270050,0
2013-10-22,273.250000,273.250000,273.250000,273.250000,256.270050,0
2013-10-23,273.250000,273.250000,273.250000,273.250000,256.270050,0
2013-10-24,273.250000,273.250000,273.250000,273.250000,256.270050,0
2013-10-25,273.250000,273.250000,273.250000,273.250000,256.270050,0
2013-10-28,273.250000,273.250000,273.250000,273.250000,256.270050,0
2013-10-29,273.250000,273.250000,273.250000,273.250000,256.270050,0
2013-10-30,273.250000,273.250000,273.250000,273.250000,256.270050,0
2013-10-31,273.250000,273.250000,273.250000,273.250000,256.270050,0
2013-11-01,273.250000,273.250000,273.250000,273.250000,256.270050,0
2013-11-04,273.250000,273.250000,273.250000,273.250000,256.270050,0
2013-11-05,273.250000,273.250000,273.250000,273.250000,256.270050,0
2013-11-06,273.250000,273.250000,273.250000,273.250000,256.270050,0
2013-11-07,273.250000,273.250000,273.250000,273.250000,256.270050,0
2013-11-08,273.250000,273.250000,273.250000,273.250000,256.270050,0
2013-11-11,273.250000,273.250000,273.250000,273.250000,256.270050,0
2013-11-12,273.250000,273.250000,273.250000,273.250000,256.270050,0
2013-11-13,273.250000,273.250000,273.250000,273.250000,256.270050,0
2013-11-14,273.250000,273.250000,273.250000,273.250000,256.270050,0
2013-11-15,273.250000,273.250000,273.250000,273.250000,256.270050,0
2013-11-18,273.250000,273.250000,273.250000,273.250000,256.270050,0
2013-11-19,273.250000,273.250000,273.250000,273.250000,256.270050,0
2013-11-20,273.250000,273.250000,273.250000,273.250000,256.270050,0
2013-11-21,273.250000,273.250000,273.250000,273.250000,256.270050,0
2013-11-22,273.250000,273.250000,273.250000,273.250000,256.270050,0
2013-11-25,273.250000,273.250000,273.250000,273.250000,256.270050,0
2013-11-26,273.250000,273.250000,273.250000,273.250000,256.270050,0
2013-11-27,273.250000,273.250000,273.250000,273.250000,256.270050,0
2013-11-29,273.250000,273.250000,273.250000,273.250000,256.270050,0
2013-12-02,273.250000,273.250000,273.250000,273.250000,256.270050,0
2013-12-03,273.250000,273.250000,273.250000,273.250000,256.270050,0
2013-12-04,273.250000,273.250000,273.250000,273.250000,256.270050,0
2013-12-05,273.250000,273.250000,273.250000,273.250000,256.270050,100
2013-12-06,273.250000,273.250000,273.250000,273.250000,256.270050,0
2013-12-09,273.250000,273.250000,273.250000,273.250000,256.270050,0
2013-12-10,273.250000,273.250000,273.250000,273.250000,256.270050,0
2013-12-11,273.250000,273.250000,273.250000,273.250000,256.270050,0
2013-12-12,273.250000,273.250000,273.250000,273.250000,256.270050,0
2013-12-13,273.250000,273.250000,273.250000,273.250000,256.270050,0
2013-12-16,273.250000,273.250000,273.250000,273.250000,256.270050,0
2013-12-17,273.250000,273.250000,273.250000,273.250000,256.270050,0
2013-12-18,273.250000,273.250000,273.250000,273.250000,256.270050,0
2013-12-19,273.250000,273.250000,273.250000,273.250000,256.270050,0
2013-12-20,273.250000,273.250000,273.250000,273.250000,256.270050,0
2013-12-23,273.250000,273.250000,273.250000,273.250000,256.270050,0
2013-12-24,273.250000,273.250000,273.250000,273.250000,256.270050,0
2013-12-26,273.250000,273.250000,273.250000,273.250000,256.270050,0
2013-12-27,273.250000,273.250000,273.250000,273.250000,256.270050,0
2013-12-30,273.250000,273.250000,273.250000,273.250000,256.270050,0
2013-12-31,273.250000,273.250000,273.250000,273.250000,256.270050,0
2014-01-02,273.250000,273.250000,273.250000,273.250000,256.270050,0
2014-01-03,273.250000,273.250000,273.250000,273.250000,256.270050,0
2014-01-06,273.250000,273.250000,273.250000,273.250000,256.270050,0
2014-01-07,273.250000,273.250000,273.250000,273.250000,256.270050,0
2014-01-08,273.250000,273.250000,273.250000,273.250000,256.270050,0
2014-01-09,273.250000,273.250000,273.250000,273.250000,256.270050,0
2014-01-10,273.250000,273.250000,273.250000,273.250000,256.270050,0
2014-01-13,273.250000,273.250000,273.250000,273.250000,256.270050,0
2014-01-14,273.250000,273.250000,273.250000,273.250000,256.270050,0
2014-01-15,273.250000,273.250000,273.250000,273.250000,256.270050,0
2014-01-16,273.250000,273.250000,273.250000,273.250000,256.270050,0
2014-01-17,273.250000,273.250000,273.250000,273.250000,256.270050,0
2014-01-21,273.250000,273.250000,273.250000,273.250000,256.270050,0
2014-01-22,273.250000,273.250000,273.250000,273.250000,256.270050,0
2014-01-23,273.250000,273.250000,273.250000,273.250000,256.270050,200
2014-01-24,273.250000,273.250000,273.250000,273.250000,256.270050,200
2014-01-27,273.250000,273.250000,273.250000,273.250000,256.270050,0
2014-01-28,273.250000,273.250000,273.250000,273.250000,256.270050,0
2014-01-29,273.250000,273.250000,273.250000,273.250000,256.270050,0
2014-01-30,273.250000,273.250000,273.250000,273.250000,256.270050,0
2014-01-31,273.250000,273.250000,273.250000,273.250000,256.270050,0
2014-02-03,273.250000,273.250000,273.250000,273.250000,256.270050,0
2014-02-04,273.250000,273.250000,273.250000,273.250000,256.270050,0
2014-02-05,273.250000,273.250000,273.250000,273.250000,256.270050,0
2014-02-06,273.250000,273.250000,273.250000,273.250000,256.270050,0
2014-02-07,273.250000,273.250000,273.250000,273.250000,256.270050,0
2014-02-10,273.250000,273.250000,273.250000,273.250000,256.270050,0
2014-02-11,273.250000,273.250000,273.250000,273.250000,256.270050,0
2014-02-12,273.250000,273.250000,273.250000,273.250000,256.270050,0
2014-02-13,273.250000,273.250000,273.250000,273.250000,256.270050,0
2014-02-14,273.250000,273.250000,273.250000,273.250000,256.270050,0
2014-02-18,273.250000,273.250000,273.250000,273.250000,256.270050,0
2014-02-19,273.250000,273.250000,273.250000,273.250000,256.270050,0
2014-02-20,273.250000,273.250000,273.250000,273.250000,256.270050,0
2014-02-21,273.250000,273.250000,273.250000,273.250000,256.270050,0
2014-02-24,273.250000,273.250000,273.250000,273.250000,256.270050,0
2014-02-25,273.250000,273.250000,273.250000,273.250000,256.270050,0
2014-02-26,273.250000,273.250000,273.250000,273.250000,256.270050,0
2014-02-27,273.250000,273.250000,273.250000,273.250000,256.739746,0
2014-02-28,273.250000,273.250000,273.250000,273.250000,256.739746,0
2014-03-03,273.250000,273.250000,273.250000,273.250000,256.739746,0
2014-03-04,273.250000,273.250000,273.250000,273.250000,256.739746,0
2014-03-05,273.250000,273.250000,273.250000,273.250000,256.739746,0
2014-03-06,273.250000,273.250000,273.250000,273.250000,256.739746,0
2014-03-07,273.250000,273.250000,273.250000,273.250000,256.739746,0
2014-03-10,273.250000,273.250000,273.250000,273.250000,256.739746,0
2014-03-11,273.250000,273.250000,273.250000,273.250000,256.739746,0
2014-03-12,273.250000,273.250000,273.250000,273.250000,256.739746,0
2014-03-13,273.250000,273.250000,273.250000,273.250000,256.739746,0
2014-03-14,273.250000,273.250000,273.250000,273.250000,256.739746,0
2014-03-17,273.250000,273.250000,273.250000,273.250000,256.739746,0
2014-03-18,273.250000,273.250000,273.250000,273.250000,256.739746,0
2014-03-19,273.250000,273.250000,273.250000,273.250000,256.739746,0
2014-03-20,273.250000,273.250000,273.250000,273.250000,256.739746,0
2014-03-21,275.000000,275.000000,275.000000,275.000000,258.384033,0
2014-03-24,275.000000,275.000000,275.000000,275.000000,258.384033,0
2014-03-25,275.000000,275.000000,275.000000,275.000000,258.384033,0
2014-03-26,275.000000,275.000000,275.000000,275.000000,258.384033,0
2014-03-27,275.000000,275.000000,275.000000,275.000000,258.384033,0
2014-03-28,275.000000,275.000000,275.000000,275.000000,258.384033,0
2014-03-31,275.000000,275.000000,275.000000,275.000000,258.384033,0
2014-04-01,275.000000,275.000000,275.000000,275.000000,258.384033,0
2014-04-02,275.000000,275.000000,275.000000,275.000000,258.384033,0
2014-04-03,275.000000,275.000000,275.000000,275.000000,258.384033,0
2014-04-04,275.000000,275.000000,275.000000,275.000000,258.384033,0
2014-04-07,275.000000,275.000000,275.000000,275.000000,258.384033,0
2014-04-08,275.000000,275.000000,275.000000,275.000000,258.384033,0
2014-04-09,275.000000,275.000000,275.000000,275.000000,258.384033,0
2014-04-10,275.000000,275.000000,275.000000,275.000000,258.384033,0
2014-04-11,275.000000,275.000000,275.000000,275.000000,258.384033,0
2014-04-14,275.000000,275.000000,275.000000,275.000000,258.384033,0
2014-04-15,275.000000,275.000000,275.000000,275.000000,258.384033,0
2014-04-16,275.000000,275.000000,275.000000,275.000000,258.384033,0
2014-04-17,275.000000,275.000000,275.000000,275.000000,258.384033,0
2014-04-21,275.000000,275.000000,275.000000,275.000000,258.384033,0
2014-04-22,275.000000,275.000000,275.000000,275.000000,258.384033,0
2014-04-23,275.000000,275.000000,275.000000,275.000000,258.384033,0
2014-04-24,275.000000,275.000000,275.000000,275.000000,258.384033,0
2014-04-25,275.000000,275.000000,275.000000,275.000000,258.384033,0
2014-04-28,275.000000,275.000000,275.000000,275.000000,258.384033,0
2014-04-29,275.000000,275.000000,275.000000,275.000000,258.384033,0
2014-04-30,275.000000,275.000000,275.000000,275.000000,258.384033,0
2014-05-01,275.000000,275.000000,275.000000,275.000000,258.384033,0
2014-05-02,290.000000,290.000000,290.000000,290.000000,272.477722,0
2014-05-05,290.000000,290.000000,290.000000,290.000000,272.477722,0
2014-05-06,290.000000,290.000000,290.000000,290.000000,272.477722,0
2014-05-07,290.000000,290.000000,290.000000,290.000000,272.477722,0
2014-05-08,290.000000,290.000000,290.000000,290.000000,272.477722,0
2014-05-09,290.000000,290.000000,290.000000,290.000000,272.477722,0
2014-05-12,290.000000,290.000000,290.000000,290.000000,272.477722,0
2014-05-13,290.000000,290.000000,290.000000,290.000000,272.477722,0
2014-05-14,290.000000,290.000000,290.000000,290.000000,272.477722,0
2014-05-15,290.000000,290.000000,290.000000,290.000000,272.477722,0
2014-05-16,275.000000,275.000000,275.000000,275.000000,258.384033,0
2014-05-19,275.000000,275.000000,275.000000,275.000000,258.384033,0
2014-05-20,275.049988,275.049988,275.049988,275.049988,258.431122,0
2014-05-21,275.049988,275.049988,275.049988,275.049988,258.431122,0
2014-05-22,275.049988,275.049988,275.049988,275.049988,258.431122,0
2014-05-23,275.049988,275.049988,275.049988,275.049988,258.431122,0
2014-05-27,275.049988,275.049988,275.049988,275.049988,258.431122,0
2014-05-28,275.049988,275.049988,275.049988,275.049988,258.431122,0
2014-05-29,275.049988,275.049988,275.049988,275.049988,258.901703,0
2014-05-30,275.049988,275.049988,275.049988,275.049988,258.901703,0
2014-06-02,275.049988,275.049988,275.049988,275.049988,258.901703,0
2014-06-03,275.049988,275.049988,275.049988,275.049988,258.901703,0
2014-06-04,275.049988,275.049988,275.049988,275.049988,258.901703,0
2014-06-05,275.049988,275.049988,275.049988,275.049988,258.901703,0
2014-06-06,275.049988,275.049988,275.049988,275.049988,258.901703,0
2014-06-09,275.049988,275.049988,275.049988,275.049988,258.901703,0
2014-06-10,275.049988,275.049988,275.049988,275.049988,258.901703,0
2014-06-11,275.049988,275.049988,275.049988,275.049988,258.901703,0
2014-06-12,275.049988,275.049988,275.049988,275.049988,258.901703,0
2014-06-13,275.049988,275.049988,275.049988,275.049988,258.901703,0
2014-06-16,275.049988,275.049988,275.049988,275.049988,258.901703,0
2014-06-17,275.049988,275.049988,275.049988,275.049988,258.901703,0
2014-06-18,275.049988,275.049988,275.049988,275.049988,258.901703,0
2014-06-19,275.049988,275.049988,275.049988,275.049988,258.901703,0
2014-06-20,275.049988,275.049988,275.049988,275.049988,258.901703,0
2014-06-23,275.049988,275.049988,275.049988,275.049988,258.901703,0
2014-06-24,275.049988,275.049988,275.049988,275.049988,258.901703,0
2014-06-25,275.049988,275.049988,275.049988,275.049988,258.901703,0
2014-06-26,275.049988,275.049988,275.049988,275.049988,258.901703,0
2014-06-27,275.049988,275.049988,275.049988,275.049988,258.901703,0
2014-06-30,275.049988,275.049988,275.049988,275.049988,258.901703,0
2014-07-01,275.049988,275.049988,275.049988,275.049988,258.901703,0
2014-07-02,275.049988,275.049988,275.049988,275.049988,258.901703,0
2014-07-03,275.049988,275.049988,275.049988,275.049988,258.901703,0
2014-07-07,275.049988,275.049988,275.049988,275.049988,258.901703,0
2014-07-08,275.049988,275.049988,275.049988,275.049988,258.901703,0
2014-07-09,275.049988,275.049988,275.049988,275.049988,258.901703,0
2014-07-10,275.049988,275.049988,275.049988,275.049988,258.901703,0
2014-07-11,275.049988,275.049988,275.049988,275.049988,258.901703,0
2014-07-14,275.049988,275.049988,275.049988,275.049988,258.901703,0
2014-07-15,275.049988,275.049988,275.049988,275.049988,258.901703,0
2014-07-16,275.049988,275.049988,275.049988,275.049988,258.901703,0
2014-07-17,275.049988,275.049988,275.049988,275.049988,258.901703,0
2014-07-18,275.049988,275.049988,275.049988,275.049988,258.901703,0
2014-07-21,275.049988,275.049988,275.049988,275.049988,258.901703,0
2014-07-22,275.049988,275.049988,275.049988,275.049988,258.901703,0
2014-07-23,275.049988,275.049988,275.049988,275.049988,258.901703,0
2014-07-24,275.049988,275.049988,275.049988,275.049988,258.901703,0
2014-07-25,275.049988,275.049988,275.049988,275.049988,258.901703,0
2014-07-28,275.049988,275.049988,275.049988,275.049988,258.901703,0
2014-07-29,275.049988,275.049988,275.049988,275.049988,258.901703,0
2014-07-30,275.049988,275.049988,275.049988,275.049988,258.901703,0
2014-07-31,275.049988,275.049988,275.049988,275.049988,258.901703,0
2014-08-01,275.049988,275.049988,275.049988,275.049988,258.901703,0
2014-08-04,277.500000,277.500000,273.119995,273.119995,257.084930,100
2014-08-05,275.500000,275.500000,275.500000,275.500000,259.325256,0
2014-08-06,275.500000,275.500000,275.500000,275.500000,259.325256,0
2014-08-07,275.500000,275.500000,275.500000,275.500000,259.325256,0
2014-08-08,275.500000,275.500000,275.500000,275.500000,259.325256,0
2014-08-11,275.500000,275.500000,275.500000,275.500000,259.325256,0
2014-08-12,275.500000,275.500000,275.500000,275.500000,259.325256,0
2014-08-13,275.500000,275.500000,275.500000,275.500000,259.325256,0
2014-08-14,275.500000,275.500000,275.500000,275.500000,259.325256,0
2014-08-15,275.500000,275.500000,275.500000,275.500000,259.325256,0
2014-08-18,275.500000,275.500000,275.500000,275.500000,259.325256,0
2014-08-19,275.500000,275.500000,275.500000,275.500000,259.325256,0
2014-08-20,275.500000,275.500000,275.500000,275.500000,259.325256,0
2014-08-21,275.500000,275.500000,275.500000,275.500000,259.325256,0
2014-08-22,275.500000,275.500000,275.500000,275.500000,259.325256,0
2014-08-25,275.500000,275.500000,275.500000,275.500000,259.325256,0
2014-08-26,275.500000,275.500000,275.500000,275.500000,259.325256,0
2014-08-27,275.500000,275.500000,275.500000,275.500000,259.325256,0
2014-08-28,275.500000,275.500000,275.500000,275.500000,259.796783,0
2014-08-29,275.500000,275.500000,275.500000,275.500000,259.796783,0
2014-09-02,275.500000,275.500000,275.500000,275.500000,259.796783,0
2014-09-03,275.500000,275.500000,275.500000,275.500000,259.796783,0
2014-09-04,275.500000,275.500000,275.500000,275.500000,259.796783,0
2014-09-05,275.500000,275.500000,275.500000,275.500000,259.796783,0
2014-09-08,275.500000,275.500000,275.500000,275.500000,259.796783,0
2014-09-09,275.500000,275.500000,275.500000,275.500000,259.796783,0
2014-09-10,275.500000,275.500000,275.500000,275.500000,259.796783,0
2014-09-11,275.500000,275.500000,275.500000,275.500000,259.796783,0
2014-09-12,275.500000,275.500000,275.500000,275.500000,259.796783,0
2014-09-15,275.500000,275.500000,275.500000,275.500000,259.796783,0
2014-09-16,275.500000,275.500000,275.500000,275.500000,259.796783,0
2014-09-17,275.500000,275.500000,275.500000,275.500000,259.796783,0
2014-09-18,275.500000,275.500000,275.500000,275.500000,259.796783,0
2014-09-19,275.500000,275.500000,275.500000,275.500000,259.796783,0
2014-09-22,275.500000,275.500000,275.500000,275.500000,259.796783,0
2014-09-23,275.500000,275.500000,275.500000,275.500000,259.796783,0
2014-09-24,275.500000,275.500000,275.500000,275.500000,259.796783,0
2014-09-25,275.500000,275.500000,275.500000,275.500000,259.796783,0
2014-09-26,275.500000,275.500000,275.500000,275.500000,259.796783,0
2014-09-29,275.500000,275.500000,275.500000,275.500000,259.796783,0
2014-09-30,275.500000,275.500000,275.500000,275.500000,259.796783,0
2014-10-01,275.500000,275.500000,275.500000,275.500000,259.796783,0
2014-10-02,275.500000,275.500000,275.500000,275.500000,259.796783,0
2014-10-03,275.500000,275.500000,275.500000,275.500000,259.796783,0
2014-10-06,275.500000,275.500000,275.500000,275.500000,259.796783,0
2014-10-07,275.500000,275.500000,275.500000,275.500000,259.796783,0
2014-10-08,275.500000,275.500000,275.500000,275.500000,259.796783,0
2014-10-09,275.500000,275.500000,275.500000,275.500000,259.796783,0
2014-10-10,275.500000,275.500000,275.500000,275.500000,259.796783,0
2014-10-13,275.500000,275.500000,275.500000,275.500000,259.796783,0
2014-10-14,275.500000,275.500000,275.500000,275.500000,259.796783,0
2014-10-15,275.500000,275.500000,275.500000,275.500000,259.796783,0
2014-10-16,275.500000,275.500000,275.500000,275.500000,259.796783,0
2014-10-17,275.500000,275.500000,275.500000,275.500000,259.796783,0
2014-10-20,275.500000,275.500000,275.500000,275.500000,259.796783,0
2014-10-21,275.500000,275.500000,275.500000,275.500000,259.796783,0
2014-10-22,275.500000,275.500000,275.500000,275.500000,259.796783,0
2014-10-23,275.500000,275.500000,275.500000,275.500000,259.796783,0
2014-10-24,275.500000,275.500000,275.500000,275.500000,259.796783,0
2014-10-27,275.500000,275.500000,275.500000,275.500000,259.796783,0
2014-10-28,275.500000,275.500000,275.500000,275.500000,259.796783,0
2014-10-29,275.500000,275.500000,275.500000,275.500000,259.796783,0
2014-10-30,275.500000,275.500000,275.500000,275.500000,259.796783,0
2014-10-31,275.500000,275.500000,275.500000,275.500000,259.796783,0
2014-11-03,275.500000,275.500000,275.500000,275.500000,259.796783,0
2014-11-04,275.500000,275.500000,275.500000,275.500000,259.796783,0
2014-11-05,275.500000,275.500000,275.500000,275.500000,259.796783,0
2014-11-06,275.500000,275.500000,275.500000,275.500000,259.796783,0
2014-11-07,280.000000,288.000000,280.000000,288.000000,271.584290,0
2014-11-10,288.000000,288.000000,288.000000,288.000000,271.584290,0
2014-11-11,288.000000,288.000000,288.000000,288.000000,271.584290,0
2014-11-12,288.000000,288.000000,288.000000,288.000000,271.584290,0
2014-11-13,288.000000,288.000000,288.000000,288.000000,271.584290,0
2014-11-14,288.000000,288.000000,288.000000,288.000000,271.584290,0
2014-11-17,288.000000,288.000000,288.000000,288.000000,271.584290,0
2014-11-18,288.000000,288.000000,288.000000,288.000000,271.584290,0
2014-11-19,288.000000,288.000000,288.000000,288.000000,271.584290,0
2014-11-20,288.000000,288.000000,288.000000,288.000000,271.584290,0
2014-11-21,288.000000,288.000000,288.000000,288.000000,271.584290,0
2014-11-24,288.000000,288.000000,288.000000,288.000000,271.584290,0
2014-11-25,288.000000,288.000000,288.000000,288.000000,271.584290,0
2014-11-26,288.000000,288.000000,288.000000,288.000000,272.056610,0
2014-11-28,288.000000,288.000000,288.000000,288.000000,272.056610,0
2014-12-01,288.000000,288.000000,288.000000,288.000000,272.056610,0
2014-12-02,288.000000,288.000000,288.000000,288.000000,272.056610,0
2014-12-03,288.000000,288.000000,288.000000,288.000000,272.056610,0
2014-12-04,288.000000,288.000000,288.000000,288.000000,272.056610,0
2014-12-05,288.000000,288.000000,288.000000,288.000000,272.056610,0
2014-12-08,288.000000,288.000000,288.000000,288.000000,272.056610,0
2014-12-09,288.000000,288.000000,288.000000,288.000000,272.056610,0
2014-12-10,288.000000,288.000000,288.000000,288.000000,272.056610,0
2014-12-11,288.000000,288.000000,288.000000,288.000000,272.056610,0
2014-12-12,288.000000,288.000000,288.000000,288.000000,272.056610,0
2014-12-15,288.000000,288.000000,288.000000,288.000000,272.056610,0
2014-12-16,288.000000,288.000000,288.000000,288.000000,272.056610,0
2014-12-17,288.000000,288.000000,288.000000,288.000000,272.056610,0
2014-12-18,288.000000,288.000000,288.000000,288.000000,272.056610,0
2014-12-19,288.000000,288.000000,288.000000,288.000000,272.056610,0
2014-12-22,288.000000,288.000000,288.000000,288.000000,272.056610,0
2014-12-23,288.000000,288.000000,288.000000,288.000000,272.056610,0
2014-12-24,288.000000,288.000000,288.000000,288.000000,272.056610,0
2014-12-26,288.000000,288.000000,288.000000,288.000000,272.056610,0
2014-12-29,288.000000,288.000000,288.000000,288.000000,272.056610,0
2014-12-30,288.000000,288.000000,288.000000,288.000000,272.056610,0
2014-12-31,288.000000,288.000000,288.000000,288.000000,272.056610,0
2015-01-02,288.000000,288.000000,288.000000,288.000000,272.056610,0
2015-01-05,288.000000,288.000000,288.000000,288.000000,272.056610,0
2015-01-06,288.000000,288.000000,288.000000,288.000000,272.056610,0
2015-01-07,296.779999,297.000000,296.779999,297.000000,280.558411,100
2015-01-08,297.000000,297.000000,297.000000,297.000000,280.558411,0
2015-01-09,294.000000,294.000000,294.000000,294.000000,277.724457,100
2015-01-12,294.000000,294.000000,294.000000,294.000000,277.724457,0
2015-01-13,294.000000,294.000000,294.000000,294.000000,277.724457,0
2015-01-14,294.000000,294.000000,294.000000,294.000000,277.724457,0
2015-01-15,294.000000,294.000000,294.000000,294.000000,277.724457,0
2015-01-16,294.000000,294.000000,294.000000,294.000000,277.724457,0
2015-01-20,294.000000,294.000000,294.000000,294.000000,277.724457,0
2015-01-21,294.000000,294.000000,294.000000,294.000000,277.724457,0
2015-01-22,294.000000,294.000000,294.000000,294.000000,277.724457,0
2015-01-23,294.000000,294.000000,294.000000,294.000000,277.724457,0
2015-01-26,294.000000,294.000000,294.000000,294.000000,277.724457,0
2015-01-27,294.000000,294.000000,294.000000,294.000000,277.724457,0
2015-01-28,294.000000,294.000000,294.000000,294.000000,277.724457,0
2015-01-29,294.000000,294.000000,294.000000,294.000000,277.724457,0
2015-01-30,294.000000,294.000000,294.000000,294.000000,277.724457,0
2015-02-02,294.000000,294.000000,294.000000,294.000000,277.724457,0
2015-02-03,294.000000,294.000000,294.000000,294.000000,277.724457,0
2015-02-04,294.000000,294.000000,294.000000,294.000000,277.724457,0
2015-02-05,294.000000,294.000000,294.000000,294.000000,277.724457,0
2015-02-06,294.000000,294.000000,294.000000,294.000000,277.724457,0
2015-02-09,294.000000,294.000000,294.000000,294.000000,277.724457,0
2015-02-10,294.000000,294.000000,294.000000,294.000000,277.724457,0
2015-02-11,294.000000,294.000000,294.000000,294.000000,277.724457,0
2015-02-12,298.500000,298.500000,298.500000,298.500000,281.975342,100
2015-02-13,298.500000,298.500000,298.500000,298.500000,281.975342,0
2015-02-17,298.500000,298.500000,298.500000,298.500000,281.975342,0
2015-02-18,298.500000,298.500000,298.500000,298.500000,281.975342,0
2015-02-19,298.500000,298.500000,298.500000,298.500000,281.975342,0
2015-02-20,298.500000,299.000000,298.500000,299.000000,282.447601,100
2015-02-23,299.000000,299.000000,299.000000,299.000000,282.447601,0
2015-02-24,299.000000,299.000000,299.000000,299.000000,282.447601,0
2015-02-25,299.000000,299.000000,299.000000,299.000000,282.447601,0
2015-02-26,299.000000,299.000000,299.000000,299.000000,282.920776,0
2015-02-27,299.000000,299.000000,299.000000,299.000000,282.920776,0
2015-03-02,299.000000,299.000000,299.000000,299.000000,282.920776,0
2015-03-03,299.000000,299.000000,299.000000,299.000000,282.920776,0
2015-03-04,299.000000,299.000000,299.000000,299.000000,282.920776,0
2015-03-05,299.000000,299.000000,299.000000,299.000000,282.920776,0
2015-03-06,299.000000,299.000000,299.000000,299.000000,282.920776,0
2015-03-09,299.000000,299.000000,299.000000,299.000000,282.920776,0
2015-03-10,299.000000,299.000000,299.000000,299.000000,282.920776,0
2015-03-11,299.000000,299.000000,299.000000,299.000000,282.920776,0
2015-03-12,299.000000,299.000000,299.000000,299.000000,282.920776,0
2015-03-13,299.000000,299.000000,299.000000,299.000000,282.920776,0
2015-03-16,299.000000,299.000000,299.000000,299.000000,282.920776,0
2015-03-17,299.000000,299.000000,299.000000,299.000000,282.920776,0
2015-03-18,299.000000,299.000000,299.000000,299.000000,282.920776,0
2015-03-19,299.000000,299.000000,299.000000,299.000000,282.920776,0
2015-03-20,299.000000,299.000000,299.000000,299.000000,282.920776,0
2015-03-23,299.000000,299.000000,299.000000,299.000000,282.920776,0
2015-03-24,298.500000,299.000000,298.500000,299.000000,282.920776,100
2015-03-25,325.000000,325.000000,325.000000,325.000000,307.522522,100
2015-03-26,325.000000,325.000000,325.000000,325.000000,307.522522,0
2015-03-27,300.500000,300.500000,300.500000,300.500000,284.340088,100
2015-03-30,300.500000,300.500000,300.500000,300.500000,284.340088,0
2015-03-31,300.500000,300.500000,300.500000,300.500000,284.340088,0
2015-04-01,300.500000,300.500000,300.500000,300.500000,284.340088,0
2015-04-02,300.500000,300.500000,300.500000,300.500000,284.340088,0
2015-04-06,300.500000,300.500000,300.500000,300.500000,284.340088,0
2015-04-07,300.500000,300.500000,300.500000,300.500000,284.340088,0
2015-04-08,300.500000,300.500000,300.500000,300.500000,284.340088,0
2015-04-09,300.500000,300.500000,300.500000,300.500000,284.340088,0
2015-04-10,300.500000,300.500000,300.500000,300.500000,284.340088,0
2015-04-13,300.500000,300.500000,300.500000,300.500000,284.340088,0
2015-04-14,300.500000,300.500000,300.500000,300.500000,284.340088,0
2015-04-15,300.500000,300.500000,300.500000,300.500000,284.340088,0
2015-04-16,300.500000,300.500000,300.500000,300.500000,284.340088,0
2015-04-17,300.500000,300.500000,300.500000,300.500000,284.340088,0
2015-04-20,300.500000,300.500000,300.500000,300.500000,284.340088,0
2015-04-21,300.500000,300.500000,300.500000,300.500000,284.340088,0
2015-04-22,300.500000,300.500000,300.500000,300.500000,284.340088,0
2015-04-23,300.500000,300.500000,300.500000,300.500000,284.340088,0
2015-04-24,300.500000,300.500000,300.500000,300.500000,284.340088,0
2015-04-27,301.000000,301.000000,301.000000,301.000000,284.813202,100
2015-04-28,301.000000,301.000000,301.000000,301.000000,284.813202,0
2015-04-29,301.000000,301.000000,301.000000,301.000000,284.813202,0
2015-04-30,301.000000,301.000000,301.000000,301.000000,284.813202,0
2015-05-01,301.000000,301.000000,301.000000,301.000000,284.813202,0
2015-05-04,301.000000,301.000000,301.000000,301.000000,284.813202,0
2015-05-05,301.000000,301.000000,301.000000,301.000000,284.813202,0
2015-05-06,301.000000,301.000000,301.000000,301.000000,284.813202,0
2015-05-07,301.000000,301.000000,301.000000,301.000000,284.813202,0
2015-05-08,301.000000,301.000000,301.000000,301.000000,284.813202,0
2015-05-11,301.000000,301.000000,301.000000,301.000000,284.813202,0
2015-05-12,301.000000,301.000000,301.000000,301.000000,284.813202,0
2015-05-13,301.000000,301.000000,301.000000,301.000000,284.813202,0
2015-05-14,301.000000,301.000000,301.000000,301.000000,284.813202,0
2015-05-15,301.000000,301.000000,301.000000,301.000000,284.813202,0
2015-05-18,301.000000,301.000000,301.000000,301.000000,284.813202,0
2015-05-19,301.000000,301.000000,301.000000,301.000000,284.813202,0
2015-05-20,301.000000,301.000000,301.000000,301.000000,284.813202,0
2015-05-21,301.500000,301.500000,290.000000,290.000000,274.404785,100
2015-05-22,290.000000,290.000000,290.000000,290.000000,274.404785,0
2015-05-26,290.000000,290.000000,290.000000,290.000000,274.404785,0
2015-05-27,290.000000,290.000000,290.000000,290.000000,274.404785,0
2015-05-28,290.000000,290.000000,290.000000,290.000000,274.878723,0
2015-05-29,290.000000,290.000000,290.000000,290.000000,274.878723,0
2015-06-01,290.000000,290.000000,290.000000,290.000000,274.878723,0
2015-06-02,290.000000,290.000000,290.000000,290.000000,274.878723,0
2015-06-03,290.000000,290.000000,290.000000,290.000000,274.878723,0
2015-06-04,290.000000,290.000000,290.000000,290.000000,274.878723,0
2015-06-05,290.000000,290.000000,290.000000,290.000000,274.878723,0
2015-06-08,290.000000,290.000000,290.000000,290.000000,274.878723,0
2015-06-09,290.000000,290.000000,290.000000,290.000000,274.878723,0
2015-06-10,290.000000,290.000000,290.000000,290.000000,274.878723,0
2015-06-11,290.000000,290.000000,290.000000,290.000000,274.878723,0
2015-06-12,290.000000,290.000000,290.000000,290.000000,274.878723,0
2015-06-15,290.000000,290.000000,290.000000,290.000000,274.878723,0
2015-06-16,290.000000,290.000000,290.000000,290.000000,274.878723,0
2015-06-17,290.000000,290.000000,290.000000,290.000000,274.878723,0
2015-06-18,290.000000,290.000000,290.000000,290.000000,274.878723,0
2015-06-19,290.000000,290.000000,290.000000,290.000000,274.878723,0
2015-06-22,290.000000,290.000000,290.000000,290.000000,274.878723,0
2015-06-23,290.000000,290.000000,290.000000,290.000000,274.878723,0
2015-06-24,290.000000,290.000000,290.000000,290.000000,274.878723,0
2015-06-25,290.000000,290.000000,290.000000,290.000000,274.878723,0
2015-06-26,290.000000,290.000000,290.000000,290.000000,274.878723,0
2015-06-29,290.000000,290.000000,290.000000,290.000000,274.878723,0
2015-06-30,290.000000,290.000000,290.000000,290.000000,274.878723,0
2015-07-01,290.000000,290.000000,290.000000,290.000000,274.878723,0
2015-07-02,290.000000,290.000000,290.000000,290.000000,274.878723,0
2015-07-06,294.000000,294.000000,294.000000,294.000000,278.670074,0
2015-07-07,294.000000,294.000000,294.000000,294.000000,278.670074,0
2015-07-08,294.000000,294.000000,294.000000,294.000000,278.670074,0
2015-07-09,294.000000,294.000000,294.000000,294.000000,278.670074,0
2015-07-10,294.000000,294.000000,294.000000,294.000000,278.670074,0
2015-07-13,294.000000,294.000000,294.000000,294.000000,278.670074,0
2015-07-14,294.000000,294.000000,294.000000,294.000000,278.670074,0
2015-07-15,294.000000,294.000000,294.000000,294.000000,278.670074,0
2015-07-16,294.000000,294.000000,294.000000,294.000000,278.670074,0
2015-07-17,294.000000,294.000000,294.000000,294.000000,278.670074,0
2015-07-20,294.000000,294.000000,294.000000,294.000000,278.670074,0
2015-07-21,294.000000,294.000000,294.000000,294.000000,278.670074,0
2015-07-22,294.000000,294.000000,280.019989,280.019989,265.419037,100
2015-07-23,280.019989,280.019989,280.019989,280.019989,265.419037,0
2015-07-24,280.019989,280.019989,280.019989,280.019989,265.419037,0
2015-07-27,280.019989,280.019989,280.019989,280.019989,265.419037,0
2015-07-28,280.019989,280.019989,280.019989,280.019989,265.419037,0
2015-07-29,280.019989,280.019989,280.019989,280.019989,265.419037,0
2015-07-30,280.019989,280.019989,280.019989,280.019989,265.419037,0
2015-07-31,280.019989,280.019989,280.019989,280.019989,265.419037,0
2015-08-03,280.019989,280.019989,280.019989,280.019989,265.419037,0
2015-08-04,280.019989,280.019989,280.019989,280.019989,265.419037,0
2015-08-05,280.019989,280.019989,280.019989,280.019989,265.419037,0
2015-08-06,280.019989,280.019989,280.019989,280.019989,265.419037,0
2015-08-07,280.019989,280.019989,280.019989,280.019989,265.419037,0
2015-08-10,280.019989,280.019989,280.019989,280.019989,265.419037,0
2015-08-11,280.019989,280.019989,280.019989,280.019989,265.419037,0
2015-08-12,280.019989,280.019989,280.019989,280.019989,265.419037,0
2015-08-13,280.019989,280.019989,280.019989,280.019989,265.419037,0
2015-08-14,280.019989,280.019989,280.019989,280.019989,265.419037,0
2015-08-17,280.019989,280.019989,280.019989,280.019989,265.419037,0
2015-08-18,280.019989,280.019989,280.019989,280.019989,265.419037,0
2015-08-19,280.019989,280.019989,280.019989,280.019989,265.419037,0
2015-08-20,281.000000,281.000000,281.000000,281.000000,266.347931,100
2015-08-21,281.000000,281.000000,281.000000,281.000000,266.347931,0
2015-08-24,281.000000,281.000000,281.000000,281.000000,266.347931,0
2015-08-25,281.000000,281.000000,281.000000,281.000000,266.347931,0
2015-08-26,281.000000,281.000000,281.000000,281.000000,266.347931,0
2015-08-27,281.000000,281.000000,281.000000,281.000000,266.347931,0
2015-08-28,281.000000,281.000000,281.000000,281.000000,266.822723,0
2015-08-31,281.000000,281.000000,281.000000,281.000000,266.822723,0
2015-09-01,282.000000,282.000000,282.000000,282.000000,267.772278,100
2015-09-02,282.000000,282.000000,282.000000,282.000000,267.772278,0
2015-09-03,282.000000,282.000000,282.000000,282.000000,267.772278,0
2015-09-04,282.000000,282.000000,282.000000,282.000000,267.772278,0
2015-09-08,282.000000,282.000000,282.000000,282.000000,267.772278,0
2015-09-09,282.000000,282.000000,282.000000,282.000000,267.772278,0
2015-09-10,282.000000,282.000000,282.000000,282.000000,267.772278,0
2015-09-11,282.000000,282.000000,282.000000,282.000000,267.772278,0
2015-09-14,282.000000,282.000000,282.000000,282.000000,267.772278,0
2015-09-15,282.000000,282.000000,282.000000,282.000000,267.772278,0
2015-09-16,282.000000,282.000000,282.000000,282.000000,267.772278,0
2015-09-17,282.000000,282.000000,282.000000,282.000000,267.772278,0
2015-09-18,282.000000,282.000000,282.000000,282.000000,267.772278,0
2015-09-21,282.000000,282.000000,282.000000,282.000000,267.772278,0
2015-09-22,282.000000,282.000000,282.000000,282.000000,267.772278,0
2015-09-23,282.000000,282.000000,282.000000,282.000000,267.772278,0
2015-09-24,282.000000,282.000000,282.000000,282.000000,267.772278,0
2015-09-25,282.000000,282.000000,282.000000,282.000000,267.772278,0
2015-09-28,282.000000,282.000000,282.000000,282.000000,267.772278,0
2015-09-29,282.000000,282.000000,282.000000,282.000000,267.772278,0
2015-09-30,282.000000,282.000000,282.000000,282.000000,267.772278,0
2015-10-01,282.000000,282.000000,282.000000,282.000000,267.772278,0
2015-10-02,282.000000,282.000000,282.000000,282.000000,267.772278,0
2015-10-05,282.000000,282.000000,282.000000,282.000000,267.772278,0
2015-10-06,282.000000,282.000000,282.000000,282.000000,267.772278,0
2015-10-07,282.000000,282.000000,282.000000,282.000000,267.772278,0
2015-10-08,282.000000,282.000000,282.000000,282.000000,267.772278,0
2015-10-09,282.000000,282.000000,282.000000,282.000000,267.772278,0
2015-10-12,282.000000,282.000000,282.000000,282.000000,267.772278,0
2015-10-13,282.000000,282.000000,282.000000,282.000000,267.772278,0
2015-10-14,282.000000,282.000000,282.000000,282.000000,267.772278,0
2015-10-15,282.000000,282.000000,282.000000,282.000000,267.772278,0
2015-10-16,282.000000,282.000000,282.000000,282.000000,267.772278,0
2015-10-19,282.000000,282.000000,282.000000,282.000000,267.772278,0
2015-10-20,282.000000,282.000000,282.000000,282.000000,267.772278,0
2015-10-21,282.000000,282.000000,282.000000,282.000000,267.772278,0
2015-10-22,282.000000,282.000000,282.000000,282.000000,267.772278,0
2015-10-23,282.000000,282.000000,282.000000,282.000000,267.772278,0
2015-10-26,282.000000,282.000000,282.000000,282.000000,267.772278,0
2015-10-27,282.000000,282.000000,282.000000,282.000000,267.772278,0
2015-10-28,282.000000,282.000000,282.000000,282.000000,267.772278,100
2015-10-29,282.000000,282.000000,282.000000,282.000000,267.772278,0
2015-10-30,282.000000,282.000000,282.000000,282.000000,267.772278,0
2015-11-02,282.000000,282.000000,282.000000,282.000000,267.772278,0
2015-11-03,282.000000,282.000000,282.000000,282.000000,267.772278,0
2015-11-04,282.000000,282.000000,282.000000,282.000000,267.772278,0
2015-11-05,282.000000,282.000000,282.000000,282.000000,267.772278,0
2015-11-06,282.000000,282.000000,282.000000,282.000000,267.772278,0
2015-11-09,282.000000,282.000000,282.000000,282.000000,267.772278,0
2015-11-10,282.000000,282.000000,282.000000,282.000000,267.772278,0
2015-11-11,282.000000,282.000000,282.000000,282.000000,267.772278,0
2015-11-12,282.000000,282.000000,282.000000,282.000000,267.772278,0
2015-11-13,282.000000,282.000000,282.000000,282.000000,267.772278,0
2015-11-16,282.000000,282.000000,282.000000,282.000000,267.772278,0
2015-11-17,282.000000,282.000000,282.000000,282.000000,267.772278,0
2015-11-18,282.000000,282.000000,282.000000,282.000000,267.772278,0
2015-11-19,282.000000,282.000000,282.000000,282.000000,267.772278,0
2015-11-20,282.000000,282.000000,282.000000,282.000000,267.772278,0
2015-11-23,282.000000,282.000000,282.000000,282.000000,267.772278,0
2015-11-24,282.000000,282.000000,282.000000,282.000000,267.772278,0
2015-11-25,282.000000,282.000000,282.000000,282.000000,267.772278,0
2015-11-27,282.000000,282.000000,282.000000,282.000000,268.247894,0
2015-11-30,282.000000,282.000000,282.000000,282.000000,268.247894,0
2015-12-01,282.000000,282.000000,282.000000,282.000000,268.247894,0
2015-12-02,282.000000,282.000000,282.000000,282.000000,268.247894,0
2015-12-03,282.000000,282.000000,282.000000,282.000000,268.247894,0
2015-12-04,282.000000,282.000000,282.000000,282.000000,268.247894,0
2015-12-07,282.000000,282.000000,282.000000,282.000000,268.247894,0
2015-12-08,282.000000,282.000000,282.000000,282.000000,268.247894,0
2015-12-09,282.000000,282.000000,282.000000,282.000000,268.247894,0
2015-12-10,282.000000,282.000000,282.000000,282.000000,268.247894,0
2015-12-11,282.000000,282.000000,282.000000,282.000000,268.247894,0
2015-12-14,282.000000,282.000000,282.000000,282.000000,268.247894,0
2015-12-15,282.000000,282.000000,282.000000,282.000000,268.247894,0
2015-12-16,283.000000,283.000000,283.000000,283.000000,269.199188,100
2015-12-17,283.000000,283.000000,283.000000,283.000000,269.199188,0
2015-12-18,283.000000,283.000000,283.000000,283.000000,269.199188,0
2015-12-21,283.000000,283.000000,283.000000,283.000000,269.199188,0
2015-12-22,283.000000,283.000000,283.000000,283.000000,269.199188,0
2015-12-23,283.000000,283.000000,283.000000,283.000000,269.199188,0
2015-12-24,283.000000,283.000000,283.000000,283.000000,269.199188,0
2015-12-28,283.000000,283.000000,283.000000,283.000000,269.199188,0
2015-12-29,283.000000,283.000000,283.000000,283.000000,269.199188,0
2015-12-30,283.000000,283.000000,283.000000,283.000000,269.199188,0
2015-12-31,283.000000,283.000000,283.000000,283.000000,269.199188,0
2016-01-04,283.000000,283.000000,283.000000,283.000000,269.199188,0
2016-01-05,283.000000,283.000000,283.000000,283.000000,269.199188,0
2016-01-06,283.000000,283.000000,283.000000,283.000000,269.199188,0
2016-01-07,283.000000,283.000000,283.000000,283.000000,269.199188,0
2016-01-08,283.000000,283.000000,283.000000,283.000000,269.199188,0
2016-01-11,283.000000,283.000000,283.000000,283.000000,269.199188,0
2016-01-12,283.000000,283.000000,283.000000,283.000000,269.199188,0
2016-01-13,283.000000,283.000000,283.000000,283.000000,269.199188,0
2016-01-14,283.000000,283.000000,283.000000,283.000000,269.199188,0
2016-01-15,283.000000,283.000000,283.000000,283.000000,269.199188,0
2016-01-19,283.000000,283.000000,283.000000,283.000000,269.199188,0
2016-01-20,283.000000,283.000000,283.000000,283.000000,269.199188,0
2016-01-21,283.000000,283.000000,283.000000,283.000000,269.199188,0
2016-01-22,283.000000,283.000000,283.000000,283.000000,269.199188,0
2016-01-25,283.000000,283.000000,283.000000,283.000000,269.199188,0
2016-01-26,283.000000,283.000000,283.000000,283.000000,269.199188,0
2016-01-27,283.000000,283.000000,283.000000,283.000000,269.199188,0
2016-01-28,283.000000,283.000000,283.000000,283.000000,269.199188,0
2016-01-29,283.000000,283.000000,283.000000,283.000000,269.199188,0
2016-02-01,283.000000,283.000000,283.000000,283.000000,269.199188,0
2016-02-02,283.000000,283.000000,283.000000,283.000000,269.199188,0
2016-02-03,283.000000,283.000000,283.000000,283.000000,269.199188,0
2016-02-04,283.000000,283.000000,283.000000,283.000000,269.199188,0
2016-02-05,283.000000,283.000000,283.000000,283.000000,269.199188,0
2016-02-08,283.000000,283.000000,283.000000,283.000000,269.199188,0
2016-02-09,283.000000,283.000000,283.000000,283.000000,269.199188,0
2016-02-10,283.000000,283.000000,283.000000,283.000000,269.199188,0
2016-02-11,283.000000,283.000000,283.000000,283.000000,269.199188,0
2016-02-12,283.000000,283.000000,283.000000,283.000000,269.199188,0
2016-02-16,283.000000,283.000000,283.000000,283.000000,269.199188,0
2016-02-17,283.000000,283.000000,283.000000,283.000000,269.199188,0
2016-02-18,283.000000,283.000000,283.000000,283.000000,269.199188,0
2016-02-19,283.000000,283.000000,283.000000,283.000000,269.199188,0
2016-02-22,283.000000,283.000000,283.000000,283.000000,269.199188,0
2016-02-23,283.000000,283.000000,283.000000,283.000000,269.199188,0
2016-02-24,283.000000,283.000000,283.000000,283.000000,269.199188,0
2016-02-25,283.000000,283.000000,283.000000,283.000000,269.199188,0
2016-02-26,283.000000,283.000000,283.000000,283.000000,269.675659,0
2016-02-29,283.000000,283.000000,283.000000,283.000000,269.675659,0
2016-03-01,283.000000,283.000000,283.000000,283.000000,269.675659,0
2016-03-02,283.000000,283.000000,283.000000,283.000000,269.675659,0
2016-03-03,283.000000,283.000000,283.000000,283.000000,269.675659,0
2016-03-04,283.000000,283.000000,283.000000,283.000000,269.675659,0
2016-03-07,283.000000,283.000000,283.000000,283.000000,269.675659,0
2016-03-08,283.000000,283.000000,283.000000,283.000000,269.675659,0
2016-03-09,283.000000,283.000000,283.000000,283.000000,269.675659,0
2016-03-10,283.000000,283.000000,283.000000,283.000000,269.675659,0
2016-03-11,283.000000,283.000000,283.000000,283.000000,269.675659,0
2016-03-14,283.000000,283.000000,283.000000,283.000000,269.675659,0
2016-03-15,283.000000,283.000000,283.000000,283.000000,269.675659,0
2016-03-16,283.000000,283.000000,283.000000,283.000000,269.675659,0
2016-03-17,283.000000,283.000000,283.000000,283.000000,269.675659,0
2016-03-18,283.000000,283.000000,283.000000,283.000000,269.675659,0
2016-03-21,283.000000,283.000000,283.000000,283.000000,269.675659,0
2016-03-22,283.000000,283.000000,283.000000,283.000000,269.675659,0
2016-03-23,283.000000,283.000000,283.000000,283.000000,269.675659,0
2016-03-24,283.000000,283.000000,283.000000,283.000000,269.675659,0
2016-03-28,283.000000,283.000000,283.000000,283.000000,269.675659,0
2016-03-29,283.000000,283.000000,283.000000,283.000000,269.675659,0
2016-03-30,283.000000,283.000000,283.000000,283.000000,269.675659,0
2016-03-31,283.000000,283.000000,283.000000,283.000000,269.675659,0
2016-04-01,283.000000,283.000000,283.000000,283.000000,269.675659,0
2016-04-04,283.000000,283.000000,283.000000,283.000000,269.675659,0
2016-04-05,283.000000,283.000000,283.000000,283.000000,269.675659,0
2016-04-06,283.000000,283.000000,283.000000,283.000000,269.675659,0
2016-04-07,283.000000,283.000000,283.000000,283.000000,269.675659,0
2016-04-08,283.000000,283.000000,283.000000,283.000000,269.675659,0
2016-04-11,283.000000,283.000000,283.000000,283.000000,269.675659,0
2016-04-12,283.000000,283.000000,283.000000,283.000000,269.675659,0
2016-04-13,283.000000,283.000000,283.000000,283.000000,269.675659,0
2016-04-14,283.000000,283.000000,283.000000,283.000000,269.675659,0
2016-04-15,283.000000,283.000000,283.000000,283.000000,269.675659,0
2016-04-18,283.130005,283.130005,283.130005,283.130005,269.799530,100
2016-04-19,283.130005,283.130005,283.130005,283.130005,269.799530,0
2016-04-20,283.130005,283.130005,283.100006,283.100006,269.770935,100
2016-04-21,283.100006,283.100006,283.100006,283.100006,269.770935,0
2016-04-22,283.100006,283.100006,283.100006,283.100006,269.770935,0
2016-04-25,283.100006,283.100006,283.100006,283.100006,269.770935,0
2016-04-26,283.100006,283.100006,283.100006,283.100006,269.770935,0
2016-04-27,283.100006,283.100006,283.100006,283.100006,269.770935,0
2016-04-28,283.100006,283.100006,283.100006,283.100006,269.770935,0
2016-04-29,283.100006,283.100006,283.100006,283.100006,269.770935,0
2016-05-02,283.100006,283.100006,283.100006,283.100006,269.770935,0
2016-05-03,283.100006,283.100006,283.100006,283.100006,269.770935,0
2016-05-04,283.100006,283.100006,283.100006,283.100006,269.770935,0
2016-05-05,283.100006,283.100006,283.100006,283.100006,269.770935,0
2016-05-06,288.000000,288.000000,288.000000,288.000000,274.440277,100
2016-05-09,288.000000,288.000000,288.000000,288.000000,274.440277,0
2016-05-10,288.000000,288.000000,288.000000,288.000000,274.440277,0
2016-05-11,288.000000,288.000000,288.000000,288.000000,274.440277,0
2016-05-12,288.000000,288.000000,288.000000,288.000000,274.440277,0
2016-05-13,288.000000,288.000000,288.000000,288.000000,274.440277,0
2016-05-16,288.000000,288.000000,288.000000,288.000000,274.440277,0
2016-05-17,288.000000,288.000000,288.000000,288.000000,274.440277,0
2016-05-18,288.000000,288.000000,288.000000,288.000000,274.440277,0
2016-05-19,288.000000,288.000000,288.000000,288.000000,274.440277,0
2016-05-20,288.000000,288.000000,288.000000,288.000000,274.440277,0
2016-05-23,288.000000,288.000000,288.000000,288.000000,274.440277,0
2016-05-24,288.000000,288.000000,288.000000,288.000000,274.440277,0
2016-05-25,288.000000,288.000000,288.000000,288.000000,274.440277,0
2016-05-26,288.000000,288.000000,288.000000,288.000000,274.440277,0
2016-05-27,288.000000,288.000000,288.000000,288.000000,274.917480,0
2016-05-31,288.000000,288.000000,288.000000,288.000000,274.917480,0
2016-06-01,288.000000,288.000000,288.000000,288.000000,274.917480,0
2016-06-02,288.000000,288.000000,288.000000,288.000000,274.917480,0
2016-06-03,288.000000,288.000000,288.000000,288.000000,274.917480,0
2016-06-06,288.000000,288.000000,288.000000,288.000000,274.917480,0
2016-06-07,288.000000,288.000000,288.000000,288.000000,274.917480,0
2016-06-08,288.000000,288.000000,288.000000,288.000000,274.917480,0
2016-06-09,288.000000,288.000000,288.000000,288.000000,274.917480,0
2016-06-10,288.000000,288.000000,288.000000,288.000000,274.917480,0
2016-06-13,288.000000,288.000000,288.000000,288.000000,274.917480,0
2016-06-14,288.000000,288.000000,288.000000,288.000000,274.917480,0
2016-06-15,288.000000,288.000000,288.000000,288.000000,274.917480,0
2016-06-16,288.000000,288.000000,288.000000,288.000000,274.917480,0
2016-06-17,288.000000,288.000000,288.000000,288.000000,274.917480,0
2016-06-20,288.000000,288.000000,288.000000,288.000000,274.917480,0
2016-06-21,288.000000,288.000000,288.000000,288.000000,274.917480,0
2016-06-22,288.000000,288.000000,288.000000,288.000000,274.917480,0
2016-06-23,288.000000,288.000000,288.000000,288.000000,274.917480,0
2016-06-24,288.000000,288.000000,288.000000,288.000000,274.917480,0
2016-06-27,288.000000,288.000000,288.000000,288.000000,274.917480,0
2016-06-28,288.000000,288.000000,288.000000,288.000000,274.917480,0
2016-06-29,288.000000,288.000000,288.000000,288.000000,274.917480,100
2016-06-30,288.000000,288.000000,288.000000,288.000000,274.917480,0
2016-07-01,288.000000,288.000000,288.000000,288.000000,274.917480,0
2016-07-05,288.000000,288.000000,288.000000,288.000000,274.917480,0
2016-07-06,288.000000,288.000000,288.000000,288.000000,274.917480,0
2016-07-07,288.000000,288.000000,288.000000,288.000000,274.917480,0
2016-07-08,288.000000,288.000000,288.000000,288.000000,274.917480,0
2016-07-11,288.000000,288.000000,288.000000,288.000000,274.917480,0
2016-07-12,288.000000,288.000000,288.000000,288.000000,274.917480,0
2016-07-13,288.000000,288.000000,288.000000,288.000000,274.917480,0
2016-07-14,288.000000,288.000000,288.000000,288.000000,274.917480,0
2016-07-15,288.000000,288.000000,288.000000,288.000000,274.917480,0
2016-07-18,288.000000,288.000000,288.000000,288.000000,274.917480,0
2016-07-19,288.000000,288.000000,288.000000,288.000000,274.917480,0
2016-07-20,288.000000,288.000000,288.000000,288.000000,274.917480,0
2016-07-21,288.000000,288.000000,288.000000,288.000000,274.917480,0
2016-07-22,288.000000,288.000000,288.000000,288.000000,274.917480,0
2016-07-25,288.000000,288.000000,288.000000,288.000000,274.917480,0
2016-07-26,288.000000,288.000000,288.000000,288.000000,274.917480,0
2016-07-27,288.000000,288.000000,288.000000,288.000000,274.917480,0
2016-07-28,288.000000,288.000000,288.000000,288.000000,274.917480,0
2016-07-29,288.000000,288.000000,288.000000,288.000000,274.917480,0
2016-08-01,288.000000,288.000000,288.000000,288.000000,274.917480,0
2016-08-02,288.000000,288.000000,288.000000,288.000000,274.917480,0
2016-08-03,288.000000,288.000000,288.000000,288.000000,274.917480,0
2016-08-04,288.000000,288.000000,288.000000,288.000000,274.917480,0
2016-08-05,288.000000,288.000000,288.000000,288.000000,274.917480,0
2016-08-08,288.000000,288.000000,288.000000,288.000000,274.917480,0
2016-08-09,288.000000,288.000000,288.000000,288.000000,274.917480,0
2016-08-10,288.000000,288.000000,288.000000,288.000000,274.917480,0
2016-08-11,288.000000,288.000000,288.000000,288.000000,274.917480,0
2016-08-12,288.000000,288.000000,288.000000,288.000000,274.917480,0
2016-08-15,288.000000,288.000000,288.000000,288.000000,274.917480,0
2016-08-16,288.000000,288.000000,288.000000,288.000000,274.917480,0
2016-08-17,288.000000,288.000000,288.000000,288.000000,274.917480,0
2016-08-18,288.000000,288.000000,288.000000,288.000000,274.917480,0
2016-08-19,288.000000,288.000000,288.000000,288.000000,274.917480,0
2016-08-22,288.000000,288.000000,288.000000,288.000000,274.917480,0
2016-08-23,288.000000,288.000000,288.000000,288.000000,274.917480,100
2016-08-24,288.000000,288.000000,287.989990,287.989990,274.907898,100
2016-08-25,285.000000,285.000000,283.000000,283.000000,270.144653,100
2016-08-26,283.000000,283.000000,283.000000,283.000000,270.144653,0
2016-08-29,283.000000,283.000000,283.000000,283.000000,270.144653,0
2016-08-30,283.000000,283.000000,283.000000,283.000000,270.622772,0
2016-08-31,283.000000,283.000000,283.000000,283.000000,270.622772,0
2016-09-01,283.000000,283.000000,283.000000,283.000000,270.622772,0
2016-09-02,283.000000,283.000000,283.000000,283.000000,270.622772,0
2016-09-06,282.500000,282.500000,282.500000,282.500000,270.144653,0
2016-09-07,282.500000,282.500000,282.500000,282.500000,270.144653,0
2016-09-08,282.500000,282.500000,282.500000,282.500000,270.144653,0
2016-09-09,282.500000,282.500000,282.500000,282.500000,270.144653,0
2016-09-12,282.500000,282.500000,282.500000,282.500000,270.144653,0
2016-09-13,282.500000,282.500000,282.500000,282.500000,270.144653,0
2016-09-14,282.500000,282.500000,282.500000,282.500000,270.144653,0
2016-09-15,282.500000,282.500000,282.500000,282.500000,270.144653,0
2016-09-16,282.500000,282.500000,282.500000,282.500000,270.144653,0
2016-09-19,282.500000,282.500000,282.500000,282.500000,270.144653,0
2016-09-20,282.500000,282.500000,282.500000,282.500000,270.144653,0
2016-09-21,282.500000,282.500000,282.500000,282.500000,270.144653,0
2016-09-22,282.500000,282.500000,282.500000,282.500000,270.144653,0
2016-09-23,282.500000,282.500000,282.500000,282.500000,270.144653,0
2016-09-26,282.500000,282.500000,282.500000,282.500000,270.144653,0
2016-09-27,282.500000,282.500000,282.500000,282.500000,270.144653,0
2016-09-28,282.500000,282.500000,282.500000,282.500000,270.144653,0
2016-09-29,282.500000,282.500000,282.500000,282.500000,270.144653,0
2016-09-30,282.500000,282.500000,282.500000,282.500000,270.144653,0
2016-10-03,282.500000,282.500000,282.500000,282.500000,270.144653,0
2016-10-04,282.500000,282.500000,282.500000,282.500000,270.144653,0
2016-10-05,282.500000,282.500000,282.500000,282.500000,270.144653,0
2016-10-06,282.500000,282.500000,282.500000,282.500000,270.144653,0
2016-10-07,282.500000,282.500000,282.500000,282.500000,270.144653,0
2016-10-10,282.500000,282.500000,282.500000,282.500000,270.144653,0
2016-10-11,282.500000,282.500000,282.500000,282.500000,270.144653,0
2016-10-12,282.500000,282.500000,282.500000,282.500000,270.144653,0
2016-10-13,282.500000,282.500000,282.500000,282.500000,270.144653,0
2016-10-14,282.500000,282.500000,282.500000,282.500000,270.144653,0
2016-10-17,282.500000,282.500000,282.500000,282.500000,270.144653,0
2016-10-18,282.500000,282.500000,282.500000,282.500000,270.144653,0
2016-10-19,282.500000,282.500000,282.500000,282.500000,270.144653,0
2016-10-20,282.500000,282.500000,282.500000,282.500000,270.144653,0
2016-10-21,282.500000,282.500000,282.500000,282.500000,270.144653,0
2016-10-24,282.500000,282.500000,282.500000,282.500000,270.144653,0
2016-10-25,282.500000,282.500000,282.500000,282.500000,270.144653,0
2016-10-26,282.500000,282.500000,282.500000,282.500000,270.144653,0
2016-10-27,282.500000,282.500000,282.500000,282.500000,270.144653,0
2016-10-28,282.500000,282.500000,282.500000,282.500000,270.144653,0
2016-10-31,282.500000,282.500000,282.500000,282.500000,270.144653,0
2016-11-01,282.500000,282.500000,282.500000,282.500000,270.144653,100
2016-11-02,282.500000,282.500000,282.500000,282.500000,270.144653,0
2016-11-03,282.500000,282.500000,282.500000,282.500000,270.144653,0
2016-11-04,282.500000,282.500000,282.500000,282.500000,270.144653,0
2016-11-07,282.500000,282.500000,282.500000,282.500000,270.144653,0
2016-11-08,282.500000,282.500000,282.500000,282.500000,270.144653,0
2016-11-09,282.500000,282.500000,282.500000,282.500000,270.144653,0
2016-11-10,282.500000,282.500000,282.500000,282.500000,270.144653,0
2016-11-11,282.500000,282.500000,282.500000,282.500000,270.144653,0
2016-11-14,282.500000,282.500000,282.500000,282.500000,270.144653,0
2016-11-15,282.500000,282.500000,282.500000,282.500000,270.144653,0
2016-11-16,286.000000,286.000000,286.000000,286.000000,273.491547,100
2016-11-17,286.000000,286.000000,286.000000,286.000000,273.491547,0
2016-11-18,286.000000,286.000000,286.000000,286.000000,273.491547,0
2016-11-21,286.000000,286.000000,286.000000,286.000000,273.491547,0
2016-11-22,286.000000,286.000000,286.000000,286.000000,273.491547,0
2016-11-23,286.000000,286.000000,286.000000,286.000000,273.491547,0
2016-11-25,286.000000,286.000000,286.000000,286.000000,273.491547,0
2016-11-28,286.000000,286.000000,286.000000,286.000000,273.491547,0
2016-11-29,286.000000,286.000000,286.000000,286.000000,273.970520,0
2016-11-30,286.000000,286.000000,286.000000,286.000000,273.970520,0
2016-12-01,286.000000,286.000000,286.000000,286.000000,273.970520,0
2016-12-02,286.000000,286.000000,286.000000,286.000000,273.970520,0
2016-12-05,286.000000,286.000000,286.000000,286.000000,273.970520,0
2016-12-06,286.000000,286.000000,286.000000,286.000000,273.970520,0
2016-12-07,286.000000,286.000000,286.000000,286.000000,273.970520,0
2016-12-08,286.000000,286.000000,286.000000,286.000000,273.970520,0
2016-12-09,286.000000,286.000000,286.000000,286.000000,273.970520,0
2016-12-12,286.000000,286.000000,286.000000,286.000000,273.970520,0
2016-12-13,286.000000,286.000000,286.000000,286.000000,273.970520,0
2016-12-14,286.000000,286.000000,286.000000,286.000000,273.970520,0
2016-12-15,286.000000,286.000000,286.000000,286.000000,273.970520,0
2016-12-16,286.000000,286.000000,286.000000,286.000000,273.970520,0
2016-12-19,286.000000,286.000000,286.000000,286.000000,273.970520,0
2016-12-20,286.000000,286.000000,286.000000,286.000000,273.970520,0
2016-12-21,286.000000,286.000000,286.000000,286.000000,273.970520,0
2016-12-22,286.000000,286.000000,286.000000,286.000000,273.970520,0
2016-12-23,286.000000,286.000000,286.000000,286.000000,273.970520,0
2016-12-27,286.000000,286.000000,286.000000,286.000000,273.970520,0
2016-12-28,286.000000,286.000000,286.000000,286.000000,273.970520,0
2016-12-29,286.000000,286.000000,286.000000,286.000000,273.970520,0
2016-12-30,286.000000,286.000000,286.000000,286.000000,273.970520,0
2017-01-03,286.000000,286.000000,286.000000,286.000000,273.970520,0
2017-01-04,286.000000,286.000000,286.000000,286.000000,273.970520,0
2017-01-05,286.000000,286.000000,286.000000,286.000000,273.970520,0
2017-01-06,286.000000,286.000000,286.000000,286.000000,273.970520,0
2017-01-09,286.000000,286.000000,286.000000,286.000000,273.970520,0
2017-01-10,286.000000,286.000000,286.000000,286.000000,273.970520,0
2017-01-11,286.000000,286.000000,286.000000,286.000000,273.970520,0
2017-01-12,286.000000,286.000000,286.000000,286.000000,273.970520,0
2017-01-13,286.000000,286.000000,286.000000,286.000000,273.970520,0
2017-01-17,286.000000,286.000000,286.000000,286.000000,273.970520,0
2017-01-18,286.000000,286.000000,286.000000,286.000000,273.970520,0
2017-01-19,286.000000,286.000000,286.000000,286.000000,273.970520,0
2017-01-20,282.500000,282.500000,282.500000,282.500000,270.617676,0
2017-01-23,282.500000,282.500000,282.500000,282.500000,270.617676,0
2017-01-24,282.500000,282.500000,282.500000,282.500000,270.617676,0
2017-01-25,282.500000,282.500000,282.500000,282.500000,270.617676,0
2017-01-26,282.500000,282.500000,282.500000,282.500000,270.617676,0
2017-01-27,282.500000,282.500000,282.500000,282.500000,270.617676,0
2017-01-30,282.500000,282.500000,282.500000,282.500000,270.617676,0
2017-01-31,282.500000,282.500000,282.500000,282.500000,270.617676,0
2017-02-01,282.500000,282.500000,282.500000,282.500000,270.617676,0
2017-02-02,282.500000,282.500000,282.500000,282.500000,270.617676,0
2017-02-03,282.500000,282.500000,282.500000,282.500000,270.617676,0
2017-02-06,282.500000,282.500000,282.500000,282.500000,270.617676,0
2017-02-07,282.500000,282.500000,282.500000,282.500000,270.617676,0
2017-02-08,282.500000,282.500000,282.500000,282.500000,270.617676,0
2017-02-09,282.500000,282.500000,282.500000,282.500000,270.617676,0
2017-02-10,282.500000,282.500000,282.500000,282.500000,270.617676,0
2017-02-13,282.500000,282.500000,282.500000,282.500000,270.617676,0
2017-02-14,282.500000,282.500000,282.500000,282.500000,270.617676,0
2017-02-15,282.500000,282.500000,282.500000,282.500000,270.617676,0
2017-02-16,282.500000,282.500000,282.500000,282.500000,270.617676,0
2017-02-17,282.500000,282.500000,282.500000,282.500000,270.617676,0
2017-02-21,282.500000,282.500000,282.500000,282.500000,270.617676,0
2017-02-22,282.500000,282.500000,282.500000,282.500000,270.617676,0
2017-02-23,282.500000,282.500000,282.500000,282.500000,270.617676,0
2017-02-24,282.500000,282.500000,282.500000,282.500000,270.617676,0
2017-02-27,282.500000,282.500000,282.500000,282.500000,271.097504,0
2017-02-28,282.500000,282.500000,282.500000,282.500000,271.097504,0
2017-03-01,282.500000,282.500000,282.500000,282.500000,271.097504,0
2017-03-02,282.500000,282.500000,282.500000,282.500000,271.097504,100
2017-03-03,282.500000,282.500000,282.500000,282.500000,271.097504,0
2017-03-06,282.500000,282.500000,282.500000,282.500000,271.097504,0
2017-03-07,282.500000,282.500000,282.500000,282.500000,271.097504,0
2017-03-08,282.500000,282.500000,282.500000,282.500000,271.097504,0
2017-03-09,282.500000,282.500000,282.500000,282.500000,271.097504,0
2017-03-10,282.500000,282.500000,282.500000,282.500000,271.097504,0
2017-03-13,282.500000,282.500000,282.500000,282.500000,271.097504,0
2017-03-14,282.500000,282.500000,282.500000,282.500000,271.097504,0
2017-03-15,282.500000,282.500000,282.500000,282.500000,271.097504,0
2017-03-16,282.500000,282.500000,282.500000,282.500000,271.097504,0
2017-03-17,282.500000,282.500000,282.500000,282.500000,271.097504,0
2017-03-20,282.500000,282.500000,282.500000,282.500000,271.097504,0
2017-03-21,282.500000,282.500000,282.500000,282.500000,271.097504,0
2017-03-22,282.500000,282.500000,282.500000,282.500000,271.097504,0
2017-03-23,282.500000,282.500000,282.500000,282.500000,271.097504,0
2017-03-24,282.500000,282.500000,282.500000,282.500000,271.097504,0
2017-03-27,282.500000,282.500000,282.500000,282.500000,271.097504,0
2017-03-28,282.500000,282.500000,282.500000,282.500000,271.097504,0
2017-03-29,282.500000,282.500000,282.500000,282.500000,271.097504,0
2017-03-30,282.500000,282.500000,282.500000,282.500000,271.097504,0
2017-03-31,282.500000,282.500000,282.500000,282.500000,271.097504,0
2017-04-03,282.500000,282.500000,282.500000,282.500000,271.097504,0
2017-04-04,282.500000,282.500000,282.500000,282.500000,271.097504,0
2017-04-05,282.500000,282.500000,282.500000,282.500000,271.097504,0
2017-04-06,282.500000,282.500000,282.500000,282.500000,271.097504,0
2017-04-07,282.500000,282.500000,282.500000,282.500000,271.097504,0
2017-04-10,282.500000,282.500000,282.500000,282.500000,271.097504,0
2017-04-11,282.500000,282.500000,282.500000,282.500000,271.097504,0
2017-04-12,282.500000,282.500000,282.500000,282.500000,271.097504,0
2017-04-13,282.500000,282.500000,282.500000,282.500000,271.097504,0
2017-04-17,282.500000,282.500000,282.500000,282.500000,271.097504,0
2017-04-18,282.500000,282.500000,282.500000,282.500000,271.097504,0
2017-04-19,282.500000,282.500000,282.500000,282.500000,271.097504,0
2017-04-20,282.500000,282.500000,282.500000,282.500000,271.097504,0
2017-04-21,282.500000,282.500000,282.500000,282.500000,271.097504,0
2017-04-24,282.500000,282.500000,282.500000,282.500000,271.097504,0
2017-04-25,282.500000,282.500000,282.500000,282.500000,271.097504,0
2017-04-26,282.500000,282.500000,282.500000,282.500000,271.097504,0
2017-04-27,282.500000,282.500000,282.500000,282.500000,271.097504,0
2017-04-28,282.500000,282.500000,282.500000,282.500000,271.097504,0
2017-05-01,282.500000,282.500000,282.500000,282.500000,271.097504,0
2017-05-02,282.500000,282.500000,282.500000,282.500000,271.097504,0
2017-05-03,282.500000,282.500000,282.500000,282.500000,271.097504,0
2017-05-04,282.500000,282.500000,282.500000,282.500000,271.097504,0
2017-05-05,282.500000,282.500000,282.500000,282.500000,271.097504,0
2017-05-08,282.500000,282.500000,282.500000,282.500000,271.097504,0
2017-05-09,282.500000,282.500000,282.500000,282.500000,271.097504,0
2017-05-10,282.500000,282.500000,282.500000,282.500000,271.097504,0
2017-05-11,282.500000,282.500000,282.500000,282.500000,271.097504,0
2017-05-12,282.500000,282.500000,282.500000,282.500000,271.097504,0
2017-05-15,282.500000,282.500000,282.500000,282.500000,271.097504,0
2017-05-16,282.500000,282.500000,282.500000,282.500000,271.097504,0
2017-05-17,282.500000,282.500000,282.500000,282.500000,271.097504,0
2017-05-18,282.500000,282.500000,282.500000,282.500000,271.097504,0
2017-05-19,282.500000,282.500000,282.500000,282.500000,271.097504,0
2017-05-22,282.500000,282.500000,282.500000,282.500000,271.097504,0
2017-05-23,282.500000,282.500000,282.500000,282.500000,271.097504,0
2017-05-24,282.500000,282.500000,282.500000,282.500000,271.097504,0
2017-05-25,282.500000,282.500000,282.500000,282.500000,271.097504,0
2017-05-26,282.500000,282.500000,282.500000,282.500000,271.097504,0
2017-05-30,282.500000,282.500000,282.500000,282.500000,271.578125,0
2017-05-31,282.500000,282.500000,282.500000,282.500000,271.578125,0
2017-06-01,282.500000,282.500000,282.500000,282.500000,271.578125,0
2017-06-02,282.500000,282.500000,282.500000,282.500000,271.578125,0
2017-06-05,282.500000,282.500000,282.500000,282.500000,271.578125,0
2017-06-06,282.500000,282.500000,282.500000,282.500000,271.578125,0
2017-06-07,271.000000,271.000000,271.000000,271.000000,260.522797,0
2017-06-08,271.000000,271.000000,271.000000,271.000000,260.522797,0
2017-06-09,271.000000,271.000000,271.000000,271.000000,260.522797,0
2017-06-12,271.000000,271.000000,271.000000,271.000000,260.522797,0
2017-06-13,271.000000,271.000000,271.000000,271.000000,260.522797,0
2017-06-14,271.000000,271.000000,271.000000,271.000000,260.522797,0
2017-06-15,271.000000,271.000000,271.000000,271.000000,260.522797,0
2017-06-16,271.000000,271.000000,271.000000,271.000000,260.522797,0
2017-06-19,271.000000,271.000000,271.000000,271.000000,260.522797,0
2017-06-20,271.000000,271.000000,271.000000,271.000000,260.522797,0
2017-06-21,271.000000,271.000000,271.000000,271.000000,260.522797,0
2017-06-22,271.000000,271.000000,271.000000,271.000000,260.522797,0
2017-06-23,271.000000,271.000000,271.000000,271.000000,260.522797,0
2017-06-26,271.000000,271.000000,271.000000,271.000000,260.522797,0
2017-06-27,271.000000,271.000000,271.000000,271.000000,260.522797,0
2017-06-28,271.000000,271.000000,271.000000,271.000000,260.522797,0
2017-06-29,271.000000,271.000000,271.000000,271.000000,260.522797,0
2017-06-30,271.000000,271.000000,271.000000,271.000000,260.522797,0
2017-07-03,271.000000,271.000000,271.000000,271.000000,260.522797,0
2017-07-05,271.000000,271.000000,271.000000,271.000000,260.522797,0
2017-07-06,271.000000,271.000000,271.000000,271.000000,260.522797,0
2017-07-07,271.000000,271.000000,271.000000,271.000000,260.522797,0
2017-07-10,271.000000,271.000000,271.000000,271.000000,260.522797,0
2017-07-11,271.000000,271.000000,271.000000,271.000000,260.522797,0
2017-07-12,271.000000,271.000000,271.000000,271.000000,260.522797,0
2017-07-13,270.000000,270.000000,270.000000,270.000000,259.561554,0
2017-07-14,270.000000,270.000000,270.000000,270.000000,259.561554,0
2017-07-17,270.000000,270.000000,270.000000,270.000000,259.561554,0
2017-07-18,270.000000,270.000000,270.000000,270.000000,259.561554,0
2017-07-19,270.000000,270.000000,270.000000,270.000000,259.561554,0
2017-07-20,270.000000,270.000000,270.000000,270.000000,259.561554,0
2017-07-21,270.000000,270.000000,270.000000,270.000000,259.561554,0
2017-07-24,270.000000,270.000000,270.000000,270.000000,259.561554,0
2017-07-25,270.000000,270.000000,270.000000,270.000000,259.561554,0
2017-07-26,270.000000,270.000000,270.000000,270.000000,259.561554,0
2017-07-27,270.000000,270.000000,270.000000,270.000000,259.561554,0
2017-07-28,270.000000,270.000000,270.000000,270.000000,259.561554,0
2017-07-31,270.000000,270.000000,270.000000,270.000000,259.561554,0
2017-08-01,270.000000,270.000000,270.000000,270.000000,259.561554,0
2017-08-02,270.000000,270.000000,270.000000,270.000000,259.561554,0
2017-08-03,270.000000,270.000000,270.000000,270.000000,259.561554,0
2017-08-04,270.000000,270.000000,270.000000,270.000000,259.561554,0
2017-08-07,270.000000,270.000000,270.000000,270.000000,259.561554,0
2017-08-08,270.000000,270.000000,270.000000,270.000000,259.561554,0
2017-08-09,270.000000,270.000000,270.000000,270.000000,259.561554,0
2017-08-10,270.000000,270.000000,270.000000,270.000000,259.561554,0
2017-08-11,270.000000,270.000000,270.000000,270.000000,259.561554,0
2017-08-14,270.000000,270.000000,270.000000,270.000000,259.561554,0
2017-08-15,235.000000,235.000000,235.000000,235.000000,225.914642,0
2017-08-16,235.000000,235.000000,235.000000,235.000000,225.914642,0
2017-08-17,235.000000,235.000000,235.000000,235.000000,225.914642,0
2017-08-18,235.000000,235.000000,235.000000,235.000000,225.914642,0
2017-08-21,235.000000,235.000000,235.000000,235.000000,225.914642,0
2017-08-22,235.000000,235.000000,235.000000,235.000000,225.914642,0
2017-08-23,235.000000,235.000000,235.000000,235.000000,225.914642,0
2017-08-24,235.000000,235.000000,235.000000,235.000000,225.914642,0
2017-08-25,235.000000,235.000000,235.000000,235.000000,225.914642,0
2017-08-28,225.000000,225.000000,225.000000,225.000000,216.301254,100
2017-08-29,225.000000,225.000000,225.000000,225.000000,216.301254,0
2017-08-30,225.000000,225.000000,225.000000,225.000000,216.783005,0
2017-08-31,225.000000,225.000000,225.000000,225.000000,216.783005,0
2017-09-01,225.000000,225.000000,225.000000,225.000000,216.783005,0
2017-09-05,225.000000,225.000000,225.000000,225.000000,216.783005,0
2017-09-06,225.000000,225.000000,225.000000,225.000000,216.783005,0
2017-09-07,225.000000,225.000000,225.000000,225.000000,216.783005,0
2017-09-08,225.000000,225.000000,225.000000,225.000000,216.783005,0
2017-09-11,225.000000,225.000000,225.000000,225.000000,216.783005,0
2017-09-12,225.000000,225.000000,225.000000,225.000000,216.783005,0
2017-09-13,225.000000,225.000000,225.000000,225.000000,216.783005,0
2017-09-14,225.000000,225.000000,225.000000,225.000000,216.783005,0
2017-09-15,225.000000,225.000000,225.000000,225.000000,216.783005,0
2017-09-18,225.000000,225.000000,225.000000,225.000000,216.783005,0
2017-09-19,225.000000,225.000000,225.000000,225.000000,216.783005,0
2017-09-20,225.000000,225.000000,225.000000,225.000000,216.783005,0
2017-09-21,225.000000,225.000000,225.000000,225.000000,216.783005,0
2017-09-22,236.949997,236.949997,236.949997,236.949997,228.296555,100
2017-09-25,236.949997,236.949997,236.949997,236.949997,228.296555,0
2017-09-26,236.949997,236.949997,236.949997,236.949997,228.296555,0
2017-09-27,236.949997,236.949997,236.949997,236.949997,228.296555,0
2017-09-28,236.949997,236.949997,236.949997,236.949997,228.296555,0
2017-09-29,236.949997,236.949997,236.949997,236.949997,228.296555,0
2017-10-02,236.949997,236.949997,236.949997,236.949997,228.296555,0
2017-10-03,236.949997,236.949997,236.949997,236.949997,228.296555,0
2017-10-04,236.949997,236.949997,236.949997,236.949997,228.296555,0
2017-10-05,236.949997,236.949997,236.949997,236.949997,228.296555,0
2017-10-06,236.949997,236.949997,236.949997,236.949997,228.296555,0
2017-10-09,236.949997,236.949997,236.949997,236.949997,228.296555,0
2017-10-10,236.949997,236.949997,236.949997,236.949997,228.296555,0
2017-10-11,236.949997,236.949997,236.949997,236.949997,228.296555,0
2017-10-12,236.949997,236.949997,236.949997,236.949997,228.296555,0
2017-10-13,236.949997,236.949997,236.949997,236.949997,228.296555,0
2017-10-16,236.949997,236.949997,236.949997,236.949997,228.296555,0
2017-10-17,236.949997,236.949997,236.949997,236.949997,228.296555,0
2017-10-18,236.949997,236.949997,236.949997,236.949997,228.296555,0
2017-10-19,236.949997,236.949997,236.949997,236.949997,228.296555,0
2017-10-20,236.949997,236.949997,236.949997,236.949997,228.296555,0
2017-10-23,235.000000,235.000000,235.000000,235.000000,226.417786,100
2017-10-24,235.000000,235.000000,235.000000,235.000000,226.417786,0
2017-10-25,235.000000,235.000000,235.000000,235.000000,226.417786,0
2017-10-26,235.000000,235.000000,235.000000,235.000000,226.417786,0
2017-10-27,235.000000,235.000000,235.000000,235.000000,226.417786,0
2017-10-30,235.000000,235.000000,235.000000,235.000000,226.417786,0
2017-10-31,235.000000,235.000000,235.000000,235.000000,226.417786,0
2017-11-01,235.000000,235.000000,235.000000,235.000000,226.417786,0
2017-11-02,235.000000,235.000000,235.000000,235.000000,226.417786,0
2017-11-03,235.000000,235.000000,235.000000,235.000000,226.417786,0
2017-11-06,235.000000,235.000000,235.000000,235.000000,226.417786,0
2017-11-07,235.000000,235.000000,235.000000,235.000000,226.417786,0
2017-11-08,235.000000,235.000000,235.000000,235.000000,226.417786,0
2017-11-09,235.000000,235.000000,235.000000,235.000000,226.417786,0
2017-11-10,235.000000,235.000000,235.000000,235.000000,226.417786,0
2017-11-13,235.000000,235.000000,235.000000,235.000000,226.417786,0
2017-11-14,235.000000,235.000000,235.000000,235.000000,226.417786,0
2017-11-15,235.000000,235.000000,235.000000,235.000000,226.417786,0
2017-11-16,235.000000,235.000000,235.000000,235.000000,226.417786,0
2017-11-17,235.000000,235.000000,235.000000,235.000000,226.417786,0
2017-11-20,235.000000,235.000000,235.000000,235.000000,226.417786,0
2017-11-21,235.000000,235.000000,235.000000,235.000000,226.417786,0
2017-11-22,235.000000,235.000000,235.000000,235.000000,226.417786,0
2017-11-24,235.000000,235.000000,235.000000,235.000000,226.417786,0
2017-11-27,235.000000,235.000000,235.000000,235.000000,226.417786,0
2017-11-28,235.000000,235.000000,235.000000,235.000000,226.417786,0
2017-11-29,235.000000,235.000000,235.000000,235.000000,226.417786,0
2017-11-30,235.000000,235.000000,235.000000,235.000000,226.900558,0
2017-12-01,235.000000,235.000000,235.000000,235.000000,226.900558,0
2017-12-04,235.000000,235.000000,235.000000,235.000000,226.900558,0
2017-12-05,235.000000,235.000000,235.000000,235.000000,226.900558,0
2017-12-06,235.000000,235.000000,235.000000,235.000000,226.900558,0
2017-12-07,235.000000,235.000000,235.000000,235.000000,226.900558,0
2017-12-08,235.000000,235.000000,235.000000,235.000000,226.900558,0
2017-12-11,235.000000,235.000000,235.000000,235.000000,226.900558,0
2017-12-12,235.000000,235.000000,235.000000,235.000000,226.900558,0
2017-12-13,235.000000,235.000000,235.000000,235.000000,226.900558,0
2017-12-14,235.000000,235.000000,235.000000,235.000000,226.900558,0
2017-12-15,235.000000,235.000000,235.000000,235.000000,226.900558,0
2017-12-18,235.000000,235.000000,235.000000,235.000000,226.900558,0
2017-12-19,235.000000,235.000000,235.000000,235.000000,226.900558,0
2017-12-20,235.000000,235.000000,235.000000,235.000000,226.900558,0
2017-12-21,235.000000,235.000000,235.000000,235.000000,226.900558,0
2017-12-22,235.000000,235.000000,235.000000,235.000000,226.900558,0
2017-12-26,235.000000,235.000000,235.000000,235.000000,226.900558,0
2017-12-27,235.000000,235.000000,235.000000,235.000000,226.900558,0
2017-12-28,235.000000,235.000000,235.000000,235.000000,226.900558,0
2017-12-29,235.000000,235.000000,235.000000,235.000000,226.900558,0
2018-01-02,235.000000,235.000000,235.000000,235.000000,226.900558,0
2018-01-03,235.000000,235.000000,235.000000,235.000000,226.900558,0
2018-01-04,235.000000,235.000000,235.000000,235.000000,226.900558,0
2018-01-05,235.000000,235.000000,235.000000,235.000000,226.900558,0
2018-01-08,235.000000,235.000000,235.000000,235.000000,226.900558,0
2018-01-09,235.000000,235.000000,235.000000,235.000000,226.900558,0
2018-01-10,240.000000,245.000000,240.000000,245.000000,236.555893,100
2018-01-11,245.000000,245.000000,245.000000,245.000000,236.555893,0
2018-01-12,245.000000,245.000000,245.000000,245.000000,236.555893,0
2018-01-16,245.000000,245.000000,245.000000,245.000000,236.555893,0
2018-01-17,245.000000,245.000000,245.000000,245.000000,236.555893,0
2018-01-18,245.000000,245.000000,245.000000,245.000000,236.555893,0
2018-01-19,245.000000,245.000000,245.000000,245.000000,236.555893,0
2018-01-22,245.000000,245.000000,245.000000,245.000000,236.555893,0
2018-01-23,245.000000,245.000000,245.000000,245.000000,236.555893,0
2018-01-24,245.000000,245.000000,245.000000,245.000000,236.555893,0
2018-01-25,245.000000,245.000000,245.000000,245.000000,236.555893,0
2018-01-26,245.000000,245.000000,245.000000,245.000000,236.555893,0
2018-01-29,228.000000,228.000000,228.000000,228.000000,220.141785,100
2018-01-30,228.000000,228.000000,228.000000,228.000000,220.141785,0
2018-01-31,228.000000,228.000000,228.000000,228.000000,220.141785,0
2018-02-01,228.000000,228.000000,228.000000,228.000000,220.141785,0
2018-02-02,228.000000,228.000000,228.000000,228.000000,220.141785,0
2018-02-05,228.000000,228.000000,228.000000,228.000000,220.141785,0
2018-02-06,228.000000,228.000000,228.000000,228.000000,220.141785,0
2018-02-07,228.000000,228.000000,228.000000,228.000000,220.141785,0
2018-02-08,228.000000,228.000000,228.000000,228.000000,220.141785,0
2018-02-09,228.000000,228.000000,228.000000,228.000000,220.141785,0
2018-02-12,228.000000,228.000000,228.000000,228.000000,220.141785,0
2018-02-13,228.000000,228.000000,228.000000,228.000000,220.141785,0
2018-02-14,228.000000,228.000000,228.000000,228.000000,220.141785,0
2018-02-15,228.000000,228.000000,228.000000,228.000000,220.141785,0
2018-02-16,228.000000,228.000000,228.000000,228.000000,220.141785,0
2018-02-20,228.000000,228.000000,228.000000,228.000000,220.141785,0
2018-02-21,228.000000,228.000000,228.000000,228.000000,220.141785,0
2018-02-22,228.000000,228.000000,228.000000,228.000000,220.141785,0
2018-02-23,228.000000,228.000000,228.000000,228.000000,220.141785,0
2018-02-26,228.000000,228.000000,228.000000,228.000000,220.141785,0
2018-02-27,228.000000,228.000000,228.000000,228.000000,220.141785,0
2018-02-28,228.000000,228.000000,228.000000,228.000000,220.625610,0
2018-03-01,228.000000,228.000000,228.000000,228.000000,220.625610,0
2018-03-02,228.000000,228.000000,228.000000,228.000000,220.625610,0
2018-03-05,228.000000,228.000000,228.000000,228.000000,220.625610,0
2018-03-06,228.000000,228.000000,228.000000,228.000000,220.625610,0
2018-03-07,228.000000,228.000000,228.000000,228.000000,220.625610,0
2018-03-08,228.000000,228.000000,228.000000,228.000000,220.625610,0
2018-03-09,228.000000,228.000000,228.000000,228.000000,220.625610,0
2018-03-12,228.000000,228.000000,228.000000,228.000000,220.625610,0
2018-03-13,228.000000,228.000000,228.000000,228.000000,220.625610,0
2018-03-14,228.000000,228.000000,228.000000,228.000000,220.625610,0
2018-03-15,228.000000,228.000000,228.000000,228.000000,220.625610,0
2018-03-16,228.000000,228.000000,228.000000,228.000000,220.625610,0
2018-03-19,228.000000,228.000000,228.000000,228.000000,220.625610,0
2018-03-20,200.000000,200.000000,200.000000,200.000000,193.531250,0
2018-03-21,200.000000,200.000000,200.000000,200.000000,193.531250,0
2018-03-22,200.000000,200.000000,200.000000,200.000000,193.531250,0
2018-03-23,200.000000,200.000000,200.000000,200.000000,193.531250,0
2018-03-26,200.000000,200.000000,200.000000,200.000000,193.531250,0
2018-03-27,200.000000,200.000000,200.000000,200.000000,193.531250,0
2018-03-28,196.000000,196.000000,196.000000,196.000000,189.660629,0
2018-03-29,196.000000,196.000000,196.000000,196.000000,189.660629,0
2018-04-02,196.000000,196.000000,196.000000,196.000000,189.660629,0
2018-04-03,196.000000,196.000000,196.000000,196.000000,189.660629,0
2018-04-04,196.000000,196.000000,196.000000,196.000000,189.660629,0
2018-04-05,196.000000,196.000000,196.000000,196.000000,189.660629,0
2018-04-06,196.000000,196.000000,196.000000,196.000000,189.660629,0
2018-04-09,196.000000,196.000000,196.000000,196.000000,189.660629,0
2018-04-10,196.000000,196.000000,196.000000,196.000000,189.660629,0
2018-04-11,196.000000,196.000000,196.000000,196.000000,189.660629,0
2018-04-12,196.000000,196.000000,196.000000,196.000000,189.660629,0
2018-04-13,196.000000,196.000000,196.000000,196.000000,189.660629,0
2018-04-16,196.000000,196.000000,196.000000,196.000000,189.660629,0
2018-04-17,196.000000,196.000000,196.000000,196.000000,189.660629,0
2018-04-18,196.000000,196.000000,196.000000,196.000000,189.660629,0
2018-04-19,196.000000,196.000000,196.000000,196.000000,189.660629,0
2018-04-20,196.000000,196.000000,196.000000,196.000000,189.660629,0
2018-04-23,196.000000,196.000000,196.000000,196.000000,189.660629,0
2018-04-24,196.000000,196.000000,196.000000,196.000000,189.660629,0
2018-04-25,196.000000,196.000000,196.000000,196.000000,189.660629,0
2018-04-26,196.000000,196.000000,196.000000,196.000000,189.660629,0
2018-04-27,196.000000,196.000000,196.000000,196.000000,189.660629,0
2018-04-30,196.000000,196.000000,196.000000,196.000000,189.660629,0
2018-05-01,196.000000,196.000000,196.000000,196.000000,189.660629,0
2018-05-02,196.000000,196.000000,196.000000,196.000000,189.660629,0
2018-05-03,196.000000,196.000000,196.000000,196.000000,189.660629,0
2018-05-04,196.000000,196.000000,196.000000,196.000000,189.660629,0
2018-05-07,196.000000,196.000000,196.000000,196.000000,189.660629,0
2018-05-08,196.000000,196.000000,196.000000,196.000000,189.660629,0
2018-05-09,196.000000,196.000000,196.000000,196.000000,189.660629,0
2018-05-10,196.000000,196.000000,196.000000,196.000000,189.660629,0
2018-05-11,196.000000,196.000000,196.000000,196.000000,189.660629,0
2018-05-14,196.000000,196.000000,196.000000,196.000000,189.660629,0
2018-05-15,196.000000,196.000000,196.000000,196.000000,189.660629,0
2018-05-16,196.000000,196.000000,196.000000,196.000000,189.660629,0
2018-05-17,196.000000,196.000000,196.000000,196.000000,189.660629,0
2018-05-18,196.000000,196.000000,196.000000,196.000000,189.660629,0
2018-05-21,196.000000,196.000000,196.000000,196.000000,189.660629,0
2018-05-22,196.000000,196.000000,196.000000,196.000000,189.660629,0
2018-05-23,196.000000,196.000000,196.000000,196.000000,189.660629,0
2018-05-24,182.000000,182.000000,177.000000,180.000000,174.178146,100
2018-05-25,180.000000,180.000000,180.000000,180.000000,174.178146,0
2018-05-29,180.000000,180.000000,180.000000,180.000000,174.178146,0
2018-05-30,180.000000,180.000000,180.000000,180.000000,174.178146,0
2018-05-31,180.000000,180.000000,180.000000,180.000000,174.663300,0
2018-06-01,180.000000,180.000000,180.000000,180.000000,174.663300,0
2018-06-04,180.000000,180.000000,180.000000,180.000000,174.663300,0
2018-06-05,180.000000,180.000000,180.000000,180.000000,174.663300,0
2018-06-06,180.000000,180.000000,180.000000,180.000000,174.663300,0
2018-06-07,180.000000,180.000000,180.000000,180.000000,174.663300,0
2018-06-08,180.000000,180.000000,180.000000,180.000000,174.663300,0
2018-06-11,180.000000,180.000000,180.000000,180.000000,174.663300,0
2018-06-12,180.000000,180.000000,180.000000,180.000000,174.663300,0
2018-06-13,180.000000,180.000000,180.000000,180.000000,174.663300,0
2018-06-14,180.000000,180.000000,180.000000,180.000000,174.663300,0
2018-06-15,180.000000,180.000000,180.000000,180.000000,174.663300,0
2018-06-18,180.000000,180.000000,180.000000,180.000000,174.663300,0
2018-06-19,180.000000,180.000000,180.000000,180.000000,174.663300,0
2018-06-20,180.000000,180.000000,180.000000,180.000000,174.663300,0
2018-06-21,180.000000,180.000000,180.000000,180.000000,174.663300,0
2018-06-22,180.000000,180.000000,180.000000,180.000000,174.663300,0
2018-06-25,180.000000,180.000000,180.000000,180.000000,174.663300,0
2018-06-26,180.000000,180.000000,180.000000,180.000000,174.663300,0
2018-06-27,180.000000,180.000000,180.000000,180.000000,174.663300,0
2018-06-28,180.000000,180.000000,180.000000,180.000000,174.663300,0
2018-06-29,180.000000,180.000000,180.000000,180.000000,174.663300,0
2018-07-02,180.000000,180.000000,180.000000,180.000000,174.663300,0
2018-07-03,180.000000,180.000000,180.000000,180.000000,174.663300,0
2018-07-05,180.000000,180.000000,180.000000,180.000000,174.663300,0
2018-07-06,180.000000,180.000000,180.000000,180.000000,174.663300,0
2018-07-09,180.000000,180.000000,180.000000,180.000000,174.663300,0
2018-07-10,180.000000,180.000000,180.000000,180.000000,174.663300,0
2018-07-11,180.000000,180.000000,180.000000,180.000000,174.663300,0
2018-07-12,180.000000,180.000000,180.000000,180.000000,174.663300,0
2018-07-13,180.000000,180.000000,180.000000,180.000000,174.663300,0
2018-07-16,180.000000,180.000000,180.000000,180.000000,174.663300,0
2018-07-17,180.000000,180.000000,180.000000,180.000000,174.663300,0
2018-07-18,180.000000,180.000000,180.000000,180.000000,174.663300,0
2018-07-19,180.000000,180.000000,180.000000,180.000000,174.663300,0
2018-07-20,180.000000,180.000000,180.000000,180.000000,174.663300,0
2018-07-23,180.000000,180.000000,180.000000,180.000000,174.663300,0
2018-07-24,180.000000,180.000000,180.000000,180.000000,174.663300,0
2018-07-25,180.000000,180.000000,180.000000,180.000000,174.663300,0
2018-07-26,180.000000,180.000000,180.000000,180.000000,174.663300,0
2018-07-27,177.000000,177.000000,150.000000,150.000000,145.552750,200
2018-07-30,175.000000,192.000000,175.000000,192.000000,186.307541,200
2018-07-31,194.000000,195.000000,194.000000,195.000000,189.218552,100
2018-08-01,195.000000,195.000000,195.000000,195.000000,189.218552,0
2018-08-02,195.000000,195.000000,195.000000,195.000000,189.218552,0
2018-08-03,195.000000,195.000000,195.000000,195.000000,189.218552,0
2018-08-06,195.000000,195.000000,195.000000,195.000000,189.218552,0
2018-08-07,195.000000,195.000000,195.000000,195.000000,189.218552,0
2018-08-08,195.000000,195.000000,195.000000,195.000000,189.218552,0
2018-08-09,195.000000,195.000000,195.000000,195.000000,189.218552,0
2018-08-10,185.000000,185.000000,185.000000,185.000000,179.515060,100
2018-08-13,185.000000,185.000000,185.000000,185.000000,179.515060,0
2018-08-14,185.000000,185.000000,185.000000,185.000000,179.515060,0
2018-08-15,185.000000,185.000000,185.000000,185.000000,179.515060,0
2018-08-16,185.000000,185.000000,185.000000,185.000000,179.515060,0
2018-08-17,185.000000,185.000000,185.000000,185.000000,179.515060,0
2018-08-20,185.000000,185.000000,185.000000,185.000000,179.515060,0
2018-08-21,185.000000,185.000000,185.000000,185.000000,179.515060,0
2018-08-22,185.000000,185.000000,185.000000,185.000000,179.515060,0
2018-08-23,185.000000,185.000000,185.000000,185.000000,179.515060,0
2018-08-24,185.000000,185.000000,185.000000,185.000000,179.515060,0
2018-08-27,185.000000,185.000000,185.000000,185.000000,179.515060,0
2018-08-28,185.000000,185.000000,185.000000,185.000000,179.515060,0
2018-08-29,185.000000,185.000000,185.000000,185.000000,179.515060,0
2018-08-30,185.000000,185.000000,185.000000,185.000000,180.001556,0
2018-08-31,184.500000,184.500000,184.500000,184.500000,179.515060,100
2018-09-04,184.500000,184.500000,184.500000,184.500000,179.515060,0
2018-09-05,184.500000,184.500000,184.500000,184.500000,179.515060,0
2018-09-06,184.500000,184.500000,184.500000,184.500000,179.515060,0
2018-09-07,184.500000,184.500000,184.500000,184.500000,179.515060,0
2018-09-10,184.500000,184.500000,184.500000,184.500000,179.515060,0
2018-09-11,184.500000,184.500000,184.500000,184.500000,179.515060,0
2018-09-12,184.500000,184.500000,184.500000,184.500000,179.515060,0
2018-09-13,184.500000,184.500000,184.500000,184.500000,179.515060,0
2018-09-14,184.500000,184.500000,184.500000,184.500000,179.515060,0
2018-09-17,184.500000,184.500000,184.500000,184.500000,179.515060,0
2018-09-18,184.500000,184.500000,184.500000,184.500000,179.515060,100
2018-09-19,184.500000,184.500000,184.500000,184.500000,179.515060,0
2018-09-20,184.500000,184.500000,184.500000,184.500000,179.515060,0
2018-09-21,184.500000,184.500000,184.500000,184.500000,179.515060,0
2018-09-24,184.500000,184.500000,184.500000,184.500000,179.515060,0
2018-09-25,184.500000,184.500000,184.500000,184.500000,179.515060,0
2018-09-26,184.500000,184.500000,184.500000,184.500000,179.515060,0
2018-09-27,184.500000,184.500000,184.500000,184.500000,179.515060,0
2018-09-28,184.500000,184.500000,184.500000,184.500000,179.515060,0
2018-10-01,184.500000,184.500000,184.500000,184.500000,179.515060,0
2018-10-02,184.500000,184.500000,184.500000,184.500000,179.515060,0
2018-10-03,184.500000,184.500000,184.500000,184.500000,179.515060,0
2018-10-04,184.500000,184.500000,184.500000,184.500000,179.515060,0
2018-10-05,184.500000,184.500000,184.500000,184.500000,179.515060,0
2018-10-08,184.500000,184.500000,184.500000,184.500000,179.515060,0
2018-10-09,184.500000,184.500000,184.500000,184.500000,179.515060,0
2018-10-10,184.500000,184.500000,184.500000,184.500000,179.515060,0
2018-10-11,184.500000,184.500000,184.500000,184.500000,179.515060,0
2018-10-12,184.500000,184.500000,184.500000,184.500000,179.515060,0
2018-10-15,184.500000,184.500000,184.500000,184.500000,179.515060,0
2018-10-16,184.500000,184.500000,184.500000,184.500000,179.515060,0
2018-10-17,184.500000,184.500000,184.500000,184.500000,179.515060,0
2018-10-18,184.500000,184.500000,184.500000,184.500000,179.515060,0
2018-10-19,184.500000,184.500000,184.500000,184.500000,179.515060,0
2018-10-22,184.500000,184.500000,184.500000,184.500000,179.515060,0
2018-10-23,184.500000,184.500000,184.500000,184.500000,179.515060,0
2018-10-24,184.500000,184.500000,184.500000,184.500000,179.515060,0
2018-10-25,184.500000,184.500000,184.500000,184.500000,179.515060,0
2018-10-26,184.500000,184.500000,184.500000,184.500000,179.515060,0
2018-10-29,184.500000,184.500000,184.500000,184.500000,179.515060,0
2018-10-30,184.500000,184.500000,184.500000,184.500000,179.515060,0
2018-10-31,184.500000,184.500000,184.500000,184.500000,179.515060,0
2018-11-01,184.500000,184.500000,184.500000,184.500000,179.515060,0
2018-11-02,184.500000,184.500000,184.500000,184.500000,179.515060,0
2018-11-05,184.500000,184.500000,184.500000,184.500000,179.515060,0
2018-11-06,184.500000,184.500000,184.500000,184.500000,179.515060,0
2018-11-07,184.500000,184.500000,184.500000,184.500000,179.515060,0
2018-11-08,184.500000,184.500000,184.500000,184.500000,179.515060,0
2018-11-09,184.500000,184.500000,184.500000,184.500000,179.515060,0
2018-11-12,184.500000,184.500000,184.500000,184.500000,179.515060,0
2018-11-13,185.000000,185.000000,184.000000,184.000000,179.028580,100
2018-11-14,184.000000,184.000000,184.000000,184.000000,179.028580,0
2018-11-15,184.000000,184.000000,184.000000,184.000000,179.028580,0
2018-11-16,184.000000,184.000000,184.000000,184.000000,179.028580,100
2018-11-19,184.000000,184.000000,184.000000,184.000000,179.028580,0
2018-11-20,184.000000,184.000000,184.000000,184.000000,179.028580,0
2018-11-21,184.000000,184.000000,184.000000,184.000000,179.028580,0
2018-11-23,184.000000,184.000000,184.000000,184.000000,179.028580,0
2018-11-26,184.000000,184.000000,184.000000,184.000000,179.028580,0
2018-11-27,181.199997,181.199997,181.000000,181.000000,176.109619,100
2018-11-28,181.000000,181.000000,181.000000,181.000000,176.109619,0
2018-11-29,181.000000,181.000000,181.000000,181.000000,176.109619,0
2018-11-30,181.000000,181.000000,181.000000,181.000000,176.597458,0
2018-12-03,181.000000,181.000000,181.000000,181.000000,176.597458,0
2018-12-04,181.000000,181.000000,181.000000,181.000000,176.597458,0
2018-12-06,181.000000,181.000000,181.000000,181.000000,176.597458,0
2018-12-07,180.500000,180.500000,180.500000,180.500000,176.109619,100
2018-12-10,180.500000,180.500000,180.500000,180.500000,176.109619,0
2018-12-11,180.500000,180.500000,180.500000,180.500000,176.109619,0
2018-12-12,180.500000,180.500000,180.500000,180.500000,176.109619,100
2018-12-13,180.500000,180.500000,180.500000,180.500000,176.109619,0
2018-12-14,180.500000,180.500000,180.500000,180.500000,176.109619,0
2018-12-17,180.500000,180.500000,177.500000,177.500000,173.182587,100
2018-12-18,177.500000,177.500000,177.500000,177.500000,173.182587,0
2018-12-19,177.500000,177.500000,177.500000,177.500000,173.182587,0
2018-12-20,177.500000,177.500000,177.500000,177.500000,173.182587,0
2018-12-21,177.500000,177.500000,177.500000,177.500000,173.182587,0
2018-12-24,177.500000,177.500000,177.500000,177.500000,173.182587,0
2018-12-26,177.500000,177.500000,177.500000,177.500000,173.182587,0
2018-12-27,177.500000,177.500000,177.500000,177.500000,173.182587,0
2018-12-28,177.500000,177.500000,177.500000,177.500000,173.182587,0
2018-12-31,177.500000,177.500000,177.500000,177.500000,173.182587,0
2019-01-02,177.500000,177.500000,177.500000,177.500000,173.182587,0
2019-01-03,177.500000,177.500000,177.500000,177.500000,173.182587,0
2019-01-04,177.500000,177.500000,177.500000,177.500000,173.182587,0
2019-01-07,177.500000,177.500000,177.500000,177.500000,173.182587,0
2019-01-08,177.500000,177.500000,177.500000,177.500000,173.182587,0
2019-01-09,177.500000,177.500000,177.500000,177.500000,173.182587,0
2019-01-10,177.500000,177.500000,177.500000,177.500000,173.182587,0
2019-01-11,177.500000,177.500000,177.500000,177.500000,173.182587,0
2019-01-14,177.500000,177.500000,177.500000,177.500000,173.182587,0
2019-01-15,177.500000,177.500000,177.500000,177.500000,173.182587,0
2019-01-16,177.500000,177.500000,177.500000,177.500000,173.182587,0
2019-01-17,177.500000,177.500000,177.500000,177.500000,173.182587,0
2019-01-18,180.500000,180.500000,179.000000,179.000000,174.646103,100
2019-01-22,180.500000,180.500000,179.000000,179.000000,174.646103,100
2019-01-23,179.000000,179.000000,179.000000,179.000000,174.646103,0
2019-01-24,180.500000,180.500000,179.000000,179.000000,174.646103,100
2019-01-25,180.500000,180.509995,179.000000,179.000000,174.646103,200
2019-01-28,179.000000,179.000000,179.000000,179.000000,174.646103,0
2019-01-29,179.000000,179.000000,179.000000,179.000000,174.646103,0
2019-01-30,179.000000,179.000000,179.000000,179.000000,174.646103,0
2019-01-31,179.000000,179.000000,179.000000,179.000000,174.646103,0
2019-02-01,179.000000,179.000000,179.000000,179.000000,174.646103,0
2019-02-04,180.509995,189.000000,180.509995,181.000000,176.597458,100
2019-02-05,181.000000,181.000000,181.000000,181.000000,176.597458,0
2019-02-06,181.000000,181.000000,181.000000,181.000000,176.597458,0
2019-02-07,181.000000,181.000000,181.000000,181.000000,176.597458,0
2019-02-08,181.000000,181.000000,181.000000,181.000000,176.597458,0
2019-02-11,181.000000,181.000000,181.000000,181.000000,176.597458,0
2019-02-12,181.000000,181.000000,181.000000,181.000000,176.597458,0
2019-02-13,181.000000,181.000000,181.000000,181.000000,176.597458,0
2019-02-14,181.000000,181.000000,181.000000,181.000000,176.597458,0
2019-02-15,181.000000,181.000000,181.000000,181.000000,176.597458,100
2019-02-19,181.000000,181.000000,181.000000,181.000000,176.597458,0
2019-02-20,181.000000,181.000000,181.000000,181.000000,176.597458,0
2019-02-21,181.000000,181.000000,181.000000,181.000000,176.597458,0
2019-02-22,181.000000,181.000000,181.000000,181.000000,176.597458,0
2019-02-25,182.000000,182.000000,182.000000,182.000000,177.573135,100
2019-02-26,182.000000,182.000000,182.000000,182.000000,177.573135,100
2019-02-27,185.000000,185.000000,185.000000,185.000000,180.500183,100
2019-02-28,185.000000,185.000000,185.000000,185.000000,180.989334,0
2019-03-01,185.000000,185.000000,185.000000,185.000000,180.989334,0
2019-03-04,185.000000,185.000000,185.000000,185.000000,180.989334,0
2019-03-05,185.000000,185.000000,185.000000,185.000000,180.989334,0
2019-03-06,185.000000,185.000000,185.000000,185.000000,180.989334,0
2019-03-07,185.000000,185.000000,185.000000,185.000000,180.989334,0
2019-03-08,183.000000,183.000000,183.000000,183.000000,179.032669,100
2019-03-11,183.000000,183.000000,183.000000,183.000000,179.032669,0
2019-03-12,183.000000,183.000000,183.000000,183.000000,179.032669,0
2019-03-13,200.000000,200.000000,200.000000,200.000000,195.664154,100
2019-03-14,200.000000,200.000000,200.000000,200.000000,195.664154,0
2019-03-15,200.000000,200.000000,200.000000,200.000000,195.664154,0
2019-03-18,200.000000,200.000000,200.000000,200.000000,195.664154,0
2019-03-19,200.000000,200.000000,200.000000,200.000000,195.664154,0
2019-03-20,200.000000,200.000000,200.000000,200.000000,195.664154,0
2019-03-21,200.000000,200.000000,200.000000,200.000000,195.664154,0
2019-03-22,200.000000,200.000000,200.000000,200.000000,195.664154,0
2019-03-25,200.000000,200.000000,200.000000,200.000000,195.664154,0
2019-03-26,200.000000,200.000000,200.000000,200.000000,195.664154,0
2019-03-27,200.000000,200.000000,200.000000,200.000000,195.664154,0
2019-03-28,200.000000,200.000000,200.000000,200.000000,195.664154,0
2019-03-29,200.000000,200.000000,200.000000,200.000000,195.664154,0
2019-04-01,200.000000,200.000000,200.000000,200.000000,195.664154,0
2019-04-02,200.000000,200.000000,200.000000,200.000000,195.664154,0
2019-04-03,200.000000,200.000000,200.000000,200.000000,195.664154,0
2019-04-04,200.000000,200.000000,200.000000,200.000000,195.664154,0
2019-04-05,200.000000,200.000000,200.000000,200.000000,195.664154,0
2019-04-08,200.000000,200.000000,200.000000,200.000000,195.664154,0
2019-04-09,200.000000,200.000000,200.000000,200.000000,195.664154,0
2019-04-10,200.000000,200.000000,200.000000,200.000000,195.664154,0
2019-04-11,200.000000,200.000000,200.000000,200.000000,195.664154,0
2019-04-12,200.000000,200.000000,200.000000,200.000000,195.664154,0
2019-04-15,200.000000,200.000000,200.000000,200.000000,195.664154,0
2019-04-16,200.000000,200.000000,200.000000,200.000000,195.664154,0
2019-04-17,200.000000,200.000000,200.000000,200.000000,195.664154,0
2019-04-18,200.000000,200.000000,200.000000,200.000000,195.664154,0
2019-04-22,200.000000,200.000000,200.000000,200.000000,195.664154,0
2019-04-23,200.000000,200.000000,200.000000,200.000000,195.664154,0
2019-04-24,200.000000,200.000000,200.000000,200.000000,195.664154,0
2019-04-25,200.000000,200.000000,200.000000,200.000000,195.664154,0
2019-04-26,200.000000,200.000000,200.000000,200.000000,195.664154,0
2019-04-29,200.000000,200.000000,200.000000,200.000000,195.664154,0
2019-04-30,200.000000,200.000000,200.000000,200.000000,195.664154,0
2019-05-01,200.000000,200.000000,200.000000,200.000000,195.664154,0
2019-05-02,200.000000,200.000000,200.000000,200.000000,195.664154,0
2019-05-03,200.000000,200.000000,200.000000,200.000000,195.664154,0
2019-05-06,200.000000,200.000000,200.000000,200.000000,195.664154,0
2019-05-07,200.000000,200.000000,200.000000,200.000000,195.664154,0
2019-05-08,200.000000,200.000000,200.000000,200.000000,195.664154,0
2019-05-09,200.000000,200.000000,200.000000,200.000000,195.664154,0
2019-05-10,200.000000,200.000000,200.000000,200.000000,195.664154,0
2019-05-13,200.000000,200.000000,200.000000,200.000000,195.664154,0
2019-05-14,200.000000,200.000000,200.000000,200.000000,195.664154,0
2019-05-15,200.000000,200.000000,200.000000,200.000000,195.664154,0
2019-05-16,200.000000,200.000000,200.000000,200.000000,195.664154,0
2019-05-17,200.000000,200.000000,200.000000,200.000000,195.664154,0
2019-05-20,200.000000,200.000000,200.000000,200.000000,195.664154,0
2019-05-21,200.000000,200.000000,200.000000,200.000000,195.664154,0
2019-05-22,200.000000,200.000000,200.000000,200.000000,195.664154,0
2019-05-23,200.000000,200.000000,200.000000,200.000000,195.664154,0
2019-05-24,200.000000,200.000000,200.000000,200.000000,195.664154,0
2019-05-28,200.000000,200.000000,200.000000,200.000000,195.664154,0
2019-05-29,200.000000,200.000000,200.000000,200.000000,195.664154,0
2019-05-30,200.000000,200.000000,200.000000,200.000000,195.664154,0
2019-05-31,200.000000,200.000000,200.000000,200.000000,196.154526,0
2019-06-03,200.000000,200.000000,200.000000,200.000000,196.154526,0
2019-06-04,201.000000,201.000000,199.000000,199.000000,195.173752,100
2019-06-05,199.000000,199.000000,199.000000,199.000000,195.173752,0
2019-06-06,199.000000,199.000000,199.000000,199.000000,195.173752,0
2019-06-07,199.000000,199.000000,199.000000,199.000000,195.173752,0
2019-06-10,199.000000,199.000000,199.000000,199.000000,195.173752,0
2019-06-11,199.000000,199.000000,199.000000,199.000000,195.173752,0
2019-06-12,199.000000,199.000000,199.000000,199.000000,195.173752,0
2019-06-13,199.000000,199.000000,199.000000,199.000000,195.173752,0
2019-06-14,199.000000,199.000000,199.000000,199.000000,195.173752,0
2019-06-17,199.000000,199.000000,199.000000,199.000000,195.173752,0
2019-06-18,199.000000,199.000000,199.000000,199.000000,195.173752,0
2019-06-19,199.000000,199.000000,199.000000,199.000000,195.173752,0
2019-06-20,199.000000,199.000000,199.000000,199.000000,195.173752,0
2019-06-21,199.000000,199.000000,199.000000,199.000000,195.173752,0
2019-06-24,199.000000,199.000000,199.000000,199.000000,195.173752,0
2019-06-25,199.000000,199.000000,199.000000,199.000000,195.173752,0
2019-06-26,199.000000,199.000000,199.000000,199.000000,195.173752,0
2019-06-27,199.000000,199.000000,199.000000,199.000000,195.173752,0
2019-06-28,199.000000,199.000000,199.000000,199.000000,195.173752,0
2019-07-01,199.000000,199.000000,199.000000,199.000000,195.173752,0
2019-07-02,199.000000,199.000000,199.000000,199.000000,195.173752,0
2019-07-03,199.000000,199.000000,199.000000,199.000000,195.173752,0
2019-07-05,199.000000,199.000000,199.000000,199.000000,195.173752,0
2019-07-08,199.000000,199.000000,199.000000,199.000000,195.173752,0
2019-07-09,199.000000,199.000000,199.000000,199.000000,195.173752,0
2019-07-10,199.000000,199.000000,199.000000,199.000000,195.173752,0
2019-07-11,199.000000,199.000000,199.000000,199.000000,195.173752,0
2019-07-12,199.000000,199.000000,199.000000,199.000000,195.173752,0
2019-07-15,199.000000,199.000000,199.000000,199.000000,195.173752,0
2019-07-16,199.000000,199.000000,199.000000,199.000000,195.173752,0
2019-07-17,199.000000,199.000000,199.000000,199.000000,195.173752,0
2019-07-18,199.000000,199.000000,199.000000,199.000000,195.173752,0
2019-07-19,199.000000,199.000000,199.000000,199.000000,195.173752,0
2019-07-22,199.000000,199.000000,199.000000,199.000000,195.173752,0
2019-07-23,199.000000,199.000000,199.000000,199.000000,195.173752,0
2019-07-24,199.000000,199.000000,199.000000,199.000000,195.173752,0
2019-07-25,199.000000,199.000000,199.000000,199.000000,195.173752,0
2019-07-26,199.000000,199.000000,199.000000,199.000000,195.173752,0
2019-07-29,199.000000,199.000000,199.000000,199.000000,195.173752,0
2019-07-30,199.000000,199.000000,199.000000,199.000000,195.173752,0
2019-07-31,199.000000,199.000000,199.000000,199.000000,195.173752,0
2019-08-01,199.000000,199.000000,199.000000,199.000000,195.173752,0
2019-08-02,199.000000,199.000000,199.000000,199.000000,195.173752,0
2019-08-05,199.000000,199.000000,199.000000,199.000000,195.173752,0
2019-08-06,199.000000,199.000000,199.000000,199.000000,195.173752,0
2019-08-07,199.000000,199.000000,199.000000,199.000000,195.173752,0
2019-08-08,199.000000,199.000000,199.000000,199.000000,195.173752,0
2019-08-09,199.000000,199.000000,199.000000,199.000000,195.173752,0
2019-08-12,199.000000,199.000000,199.000000,199.000000,195.173752,0
2019-08-13,199.000000,199.000000,199.000000,199.000000,195.173752,0
2019-08-14,199.000000,199.000000,199.000000,199.000000,195.173752,0
2019-08-15,199.000000,199.000000,199.000000,199.000000,195.173752,0
2019-08-16,199.000000,199.000000,199.000000,199.000000,195.173752,0
2019-08-19,199.000000,199.000000,199.000000,199.000000,195.173752,0
2019-08-20,199.000000,199.000000,199.000000,199.000000,195.173752,0
2019-08-21,199.000000,199.000000,199.000000,199.000000,195.173752,0
2019-08-22,199.000000,199.000000,199.000000,199.000000,195.173752,0
2019-08-23,199.000000,199.000000,199.000000,199.000000,195.173752,0
2019-08-26,199.000000,199.000000,199.000000,199.000000,195.173752,0
2019-08-27,199.000000,199.000000,199.000000,199.000000,195.173752,0
2019-08-28,199.000000,199.000000,199.000000,199.000000,195.173752,0
2019-08-29,199.000000,199.000000,199.000000,199.000000,195.665375,0
2019-08-30,191.000000,191.000000,175.000000,175.000000,172.067551,100
2019-09-03,175.000000,175.000000,175.000000,175.000000,172.067551,0
2019-09-04,175.000000,175.000000,175.000000,175.000000,172.067551,0
2019-09-05,175.000000,175.000000,175.000000,175.000000,172.067551,0
2019-09-06,175.000000,175.000000,175.000000,175.000000,172.067551,0
2019-09-09,175.000000,175.000000,175.000000,175.000000,172.067551,0
2019-09-10,175.949997,175.949997,175.949997,175.949997,173.001633,100
2019-09-11,176.000000,176.000000,176.000000,176.000000,173.050812,100
2019-09-12,176.000000,176.000000,176.000000,176.000000,173.050812,0
2019-09-13,176.000000,176.000000,176.000000,176.000000,173.050812,0
2019-09-16,176.000000,176.000000,176.000000,176.000000,173.050812,0
2019-09-17,176.000000,176.000000,176.000000,176.000000,173.050812,0
2019-09-18,176.000000,176.000000,176.000000,176.000000,173.050812,0
2019-09-19,176.000000,176.000000,176.000000,176.000000,173.050812,0
2019-09-20,176.000000,176.000000,176.000000,176.000000,173.050812,0
2019-09-23,176.000000,176.000000,176.000000,176.000000,173.050812,0
2019-09-24,176.000000,176.000000,176.000000,176.000000,173.050812,0
2019-09-25,176.000000,176.000000,176.000000,176.000000,173.050812,0
2019-09-26,176.000000,176.000000,176.000000,176.000000,173.050812,0
2019-09-27,176.000000,176.000000,176.000000,176.000000,173.050812,0
2019-09-30,176.000000,176.000000,176.000000,176.000000,173.050812,0
2019-10-01,176.000000,176.000000,176.000000,176.000000,173.050812,0
2019-10-02,176.000000,176.000000,176.000000,176.000000,173.050812,0
2019-10-03,176.000000,176.000000,176.000000,176.000000,173.050812,0
2019-10-04,176.000000,176.000000,176.000000,176.000000,173.050812,0
2019-10-07,176.000000,176.000000,176.000000,176.000000,173.050812,100
2019-10-08,176.000000,176.000000,176.000000,176.000000,173.050812,0
2019-10-09,176.000000,176.000000,176.000000,176.000000,173.050812,0
2019-10-10,176.000000,176.000000,176.000000,176.000000,173.050812,0
2019-10-11,176.000000,176.000000,176.000000,176.000000,173.050812,0
2019-10-14,176.000000,176.000000,176.000000,176.000000,173.050812,0
2019-10-15,176.000000,176.000000,176.000000,176.000000,173.050812,0
2019-10-16,176.000000,176.000000,176.000000,176.000000,173.050812,0
2019-10-17,176.000000,176.000000,176.000000,176.000000,173.050812,0
2019-10-18,176.000000,176.000000,176.000000,176.000000,173.050812,0
2019-10-21,176.000000,176.000000,176.000000,176.000000,173.050812,0
2019-10-22,176.000000,176.000000,176.000000,176.000000,173.050812,0
2019-10-23,176.000000,176.000000,176.000000,176.000000,173.050812,0
2019-10-24,176.000000,176.000000,176.000000,176.000000,173.050812,0
2019-10-25,176.000000,176.000000,176.000000,176.000000,173.050812,0
2019-10-28,176.000000,176.000000,176.000000,176.000000,173.050812,0
2019-10-29,176.000000,176.000000,176.000000,176.000000,173.050812,0
2019-10-30,176.000000,176.000000,176.000000,176.000000,173.050812,0
2019-10-31,176.000000,176.000000,176.000000,176.000000,173.050812,0
2019-11-01,176.000000,176.000000,176.000000,176.000000,173.050812,0
2019-11-04,176.000000,176.000000,176.000000,176.000000,173.050812,0
2019-11-05,176.000000,176.000000,176.000000,176.000000,173.050812,0
2019-11-06,176.000000,176.000000,176.000000,176.000000,173.050812,0
2019-11-07,176.000000,176.000000,176.000000,176.000000,173.050812,0
2019-11-08,176.000000,176.000000,176.000000,176.000000,173.050812,0
2019-11-11,176.000000,176.000000,176.000000,176.000000,173.050812,0
2019-11-12,176.000000,176.000000,176.000000,176.000000,173.050812,0
2019-11-13,176.000000,176.000000,176.000000,176.000000,173.050812,0
2019-11-14,176.000000,176.000000,176.000000,176.000000,173.050812,0
2019-11-15,176.000000,176.000000,176.000000,176.000000,173.050812,0
2019-11-18,176.000000,176.000000,176.000000,176.000000,173.050812,0
2019-11-19,176.000000,176.000000,176.000000,176.000000,173.050812,0
2019-11-20,176.000000,176.000000,176.000000,176.000000,173.050812,0
2019-11-21,176.000000,176.000000,176.000000,176.000000,173.050812,0
2019-11-22,176.000000,176.000000,176.000000,176.000000,173.050812,0
2019-11-25,176.000000,176.000000,176.000000,176.000000,173.050812,0
2019-11-26,176.000000,176.000000,176.000000,176.000000,173.050812,0
2019-11-27,176.000000,176.000000,176.000000,176.000000,173.050812,0
2019-11-29,176.000000,176.000000,176.000000,176.000000,173.543839,0
2019-12-02,176.000000,176.000000,176.000000,176.000000,173.543839,0
2019-12-03,176.000000,176.000000,176.000000,176.000000,173.543839,0
2019-12-04,176.000000,176.000000,176.000000,176.000000,173.543839,0
2019-12-05,176.000000,176.000000,176.000000,176.000000,173.543839,0
2019-12-06,176.000000,176.000000,176.000000,176.000000,173.543839,0
2019-12-09,176.000000,176.000000,176.000000,176.000000,173.543839,0
2019-12-10,176.000000,176.000000,176.000000,176.000000,173.543839,0
2019-12-11,176.000000,176.000000,176.000000,176.000000,173.543839,0
2019-12-12,176.000000,176.000000,176.000000,176.000000,173.543839,0
2019-12-13,176.000000,176.000000,176.000000,176.000000,173.543839,0
2019-12-16,176.000000,176.000000,176.000000,176.000000,173.543839,0
2019-12-17,176.000000,176.000000,176.000000,176.000000,173.543839,0
2019-12-18,176.000000,176.000000,176.000000,176.000000,173.543839,0
2019-12-19,176.000000,176.000000,176.000000,176.000000,173.543839,0
2019-12-20,176.000000,176.000000,176.000000,176.000000,173.543839,0
2019-12-23,176.000000,176.000000,176.000000,176.000000,173.543839,0
2019-12-24,176.000000,176.000000,176.000000,176.000000,173.543839,0
2019-12-26,176.000000,176.000000,176.000000,176.000000,173.543839,0
2019-12-27,176.000000,176.000000,176.000000,176.000000,173.543839,0
2019-12-30,180.000000,180.000000,180.000000,180.000000,177.488007,100
2019-12-31,180.000000,180.000000,180.000000,180.000000,177.488007,0
2020-01-02,180.000000,180.000000,180.000000,180.000000,177.488007,0
2020-01-03,180.000000,180.000000,180.000000,180.000000,177.488007,0
2020-01-06,180.000000,180.000000,180.000000,180.000000,177.488007,0
2020-01-07,180.000000,180.000000,180.000000,180.000000,177.488007,0
2020-01-08,180.000000,180.000000,180.000000,180.000000,177.488007,0
2020-01-09,180.000000,180.000000,180.000000,180.000000,177.488007,0
2020-01-10,180.000000,180.000000,180.000000,180.000000,177.488007,0
2020-01-13,180.000000,180.000000,180.000000,180.000000,177.488007,0
2020-01-14,180.000000,180.000000,180.000000,180.000000,177.488007,0
2020-01-15,180.000000,180.000000,180.000000,180.000000,177.488007,0
2020-01-16,180.000000,180.000000,180.000000,180.000000,177.488007,0
2020-01-17,180.000000,180.000000,180.000000,180.000000,177.488007,0
2020-01-21,180.000000,180.000000,180.000000,180.000000,177.488007,0
2020-01-22,180.000000,180.000000,180.000000,180.000000,177.488007,0
2020-01-23,180.000000,180.000000,180.000000,180.000000,177.488007,0
2020-01-24,180.000000,180.000000,180.000000,180.000000,177.488007,0
2020-01-27,180.000000,180.000000,180.000000,180.000000,177.488007,0
2020-01-28,180.000000,180.000000,180.000000,180.000000,177.488007,0
2020-01-29,180.000000,180.000000,180.000000,180.000000,177.488007,0
2020-01-30,180.000000,180.000000,180.000000,180.000000,177.488007,0
2020-01-31,180.000000,180.000000,180.000000,180.000000,177.488007,0
2020-02-03,180.000000,180.000000,180.000000,180.000000,177.488007,0
2020-02-04,180.000000,180.000000,180.000000,180.000000,177.488007,0
2020-02-05,180.000000,180.000000,180.000000,180.000000,177.488007,0
2020-02-06,180.000000,180.000000,180.000000,180.000000,177.488007,0
2020-02-07,180.000000,180.000000,180.000000,180.000000,177.488007,0
2020-02-10,180.000000,180.000000,180.000000,180.000000,177.488007,0
2020-02-11,180.000000,180.000000,180.000000,180.000000,177.488007,0
2020-02-12,180.000000,180.000000,180.000000,180.000000,177.488007,0
2020-02-13,180.000000,180.000000,180.000000,180.000000,177.488007,0
2020-02-14,180.000000,180.000000,180.000000,180.000000,177.488007,0
2020-02-18,180.000000,180.000000,180.000000,180.000000,177.488007,0
2020-02-19,180.000000,180.000000,180.000000,180.000000,177.488007,0
2020-02-20,180.000000,180.000000,180.000000,180.000000,177.488007,0
2020-02-21,180.000000,180.000000,180.000000,180.000000,177.488007,0
2020-02-24,180.000000,180.000000,180.000000,180.000000,177.488007,0
2020-02-25,180.000000,180.000000,180.000000,180.000000,177.488007,0
2020-02-26,180.000000,180.000000,180.000000,180.000000,177.488007,0
2020-02-27,180.000000,180.000000,180.000000,180.000000,177.488007,0
2020-02-28,180.000000,180.000000,180.000000,180.000000,177.982391,0
2020-03-02,180.000000,180.000000,180.000000,180.000000,177.982391,0
2020-03-03,180.000000,180.000000,180.000000,180.000000,177.982391,0
2020-03-04,180.000000,180.000000,180.000000,180.000000,177.982391,0
2020-03-05,180.000000,180.000000,180.000000,180.000000,177.982391,0
2020-03-06,180.000000,180.000000,180.000000,180.000000,177.982391,0
2020-03-09,180.000000,180.000000,180.000000,180.000000,177.982391,0
2020-03-10,180.000000,180.000000,180.000000,180.000000,177.982391,0
2020-03-11,180.000000,180.000000,180.000000,180.000000,177.982391,0
2020-03-12,180.000000,180.000000,180.000000,180.000000,177.982391,0
2020-03-13,180.000000,180.000000,180.000000,180.000000,177.982391,0
2020-03-16,180.000000,180.000000,180.000000,180.000000,177.982391,0
2020-03-17,180.000000,180.000000,180.000000,180.000000,177.982391,0
2020-03-18,180.000000,180.000000,180.000000,180.000000,177.982391,0
2020-03-19,138.500000,138.500000,138.500000,138.500000,136.947571,100
2020-03-20,138.500000,138.500000,138.500000,138.500000,136.947571,0
2020-03-23,184.000000,184.000000,184.000000,184.000000,181.937531,100
2020-03-24,184.000000,184.000000,184.000000,184.000000,181.937531,0
2020-03-25,184.000000,184.000000,184.000000,184.000000,181.937531,0
2020-03-26,176.000000,176.000000,176.000000,176.000000,174.027237,100
2020-03-27,176.000000,176.000000,176.000000,176.000000,174.027237,0
2020-03-30,176.000000,176.000000,176.000000,176.000000,174.027237,0
2020-03-31,176.000000,176.000000,176.000000,176.000000,174.027237,0
2020-04-01,176.000000,176.000000,176.000000,176.000000,174.027237,0
2020-04-02,176.000000,176.000000,176.000000,176.000000,174.027237,0
2020-04-03,176.000000,176.000000,176.000000,176.000000,174.027237,0
2020-04-06,176.000000,176.000000,176.000000,176.000000,174.027237,0
2020-04-07,176.000000,176.000000,176.000000,176.000000,174.027237,0
2020-04-08,176.000000,176.000000,176.000000,176.000000,174.027237,0
2020-04-09,176.000000,176.000000,176.000000,176.000000,174.027237,0
2020-04-13,176.000000,176.000000,176.000000,176.000000,174.027237,0
2020-04-14,176.000000,176.000000,176.000000,176.000000,174.027237,0
2020-04-15,176.000000,176.000000,176.000000,176.000000,174.027237,0
2020-04-16,176.000000,176.000000,176.000000,176.000000,174.027237,0
2020-04-17,176.000000,176.000000,176.000000,176.000000,174.027237,0
2020-04-20,176.000000,176.000000,176.000000,176.000000,174.027237,0
2020-04-21,176.000000,176.000000,176.000000,176.000000,174.027237,0
2020-04-22,180.000000,180.000000,176.000000,176.000000,174.027237,100
2020-04-23,176.000000,176.000000,176.000000,176.000000,174.027237,0
2020-04-24,176.000000,176.000000,176.000000,176.000000,174.027237,0
2020-04-27,176.000000,176.000000,176.000000,176.000000,174.027237,0
2020-04-28,176.000000,176.000000,176.000000,176.000000,174.027237,0
2020-04-29,176.000000,176.000000,176.000000,176.000000,174.027237,0
2020-04-30,176.000000,176.000000,176.000000,176.000000,174.027237,0
2020-05-01,176.000000,176.000000,176.000000,176.000000,174.027237,0
2020-05-04,176.000000,176.000000,176.000000,176.000000,174.027237,0
2020-05-05,176.000000,176.000000,176.000000,176.000000,174.027237,0
2020-05-06,176.000000,176.000000,176.000000,176.000000,174.027237,0
2020-05-07,176.000000,176.000000,176.000000,176.000000,174.027237,0
2020-05-08,176.000000,176.000000,176.000000,176.000000,174.027237,0
2020-05-11,176.000000,176.000000,176.000000,176.000000,174.027237,0
2020-05-12,176.000000,176.000000,176.000000,176.000000,174.027237,0
2020-05-13,176.000000,176.000000,176.000000,176.000000,174.027237,0
2020-05-14,176.000000,176.000000,176.000000,176.000000,174.027237,0
2020-05-15,176.000000,176.000000,176.000000,176.000000,174.027237,0
2020-05-18,176.000000,176.000000,176.000000,176.000000,174.027237,0
2020-05-19,176.000000,176.000000,176.000000,176.000000,174.027237,0
2020-05-20,176.000000,176.000000,176.000000,176.000000,174.027237,0
2020-05-21,176.000000,176.000000,176.000000,176.000000,174.027237,0
2020-05-22,176.000000,176.000000,176.000000,176.000000,174.027237,0
2020-05-26,176.000000,176.000000,176.000000,176.000000,174.027237,0
2020-05-27,176.000000,176.000000,176.000000,176.000000,174.027237,0
2020-05-28,176.000000,176.000000,176.000000,176.000000,174.027237,0
2020-05-29,176.000000,176.000000,176.000000,176.000000,174.523041,0
2020-06-01,176.000000,176.000000,176.000000,176.000000,174.523041,0
2020-06-02,176.000000,176.000000,176.000000,176.000000,174.523041,0
2020-06-03,176.000000,176.000000,176.000000,176.000000,174.523041,0
2020-06-04,176.000000,176.000000,176.000000,176.000000,174.523041,0
2020-06-05,176.000000,176.000000,176.000000,176.000000,174.523041,0
2020-06-08,176.000000,176.000000,176.000000,176.000000,174.523041,0
2020-06-09,176.000000,176.000000,176.000000,176.000000,174.523041,0
2020-06-10,176.000000,176.000000,176.000000,176.000000,174.523041,0
2020-06-11,176.000000,176.000000,176.000000,176.000000,174.523041,0
2020-06-12,176.000000,176.000000,176.000000,176.000000,174.523041,0
2020-06-15,176.000000,176.000000,176.000000,176.000000,174.523041,0
2020-06-16,176.000000,176.000000,176.000000,176.000000,174.523041,0
2020-06-17,176.000000,176.000000,176.000000,176.000000,174.523041,0
2020-06-18,176.000000,176.000000,176.000000,176.000000,174.523041,0
2020-06-19,176.000000,176.000000,176.000000,176.000000,174.523041,0
2020-06-22,176.000000,176.000000,176.000000,176.000000,174.523041,0
2020-06-23,176.000000,176.000000,176.000000,176.000000,174.523041,0
2020-06-24,176.000000,176.000000,176.000000,176.000000,174.523041,0
2020-06-25,176.000000,176.000000,176.000000,176.000000,174.523041,0
2020-06-26,176.000000,176.000000,176.000000,176.000000,174.523041,0
2020-06-29,176.000000,176.000000,176.000000,176.000000,174.523041,0
2020-06-30,176.000000,176.000000,176.000000,176.000000,174.523041,0
2020-07-01,176.000000,176.000000,176.000000,176.000000,174.523041,0
2020-07-02,176.000000,176.000000,176.000000,176.000000,174.523041,0
2020-07-06,176.000000,176.000000,176.000000,176.000000,174.523041,0
2020-07-07,176.000000,176.000000,176.000000,176.000000,174.523041,0
2020-07-08,176.000000,176.000000,176.000000,176.000000,174.523041,0
2020-07-09,176.000000,176.000000,176.000000,176.000000,174.523041,0
2020-07-10,176.000000,176.000000,176.000000,176.000000,174.523041,0
2020-07-13,176.000000,176.000000,176.000000,176.000000,174.523041,0
2020-07-14,176.000000,176.000000,176.000000,176.000000,174.523041,0
2020-07-15,176.000000,176.000000,176.000000,176.000000,174.523041,0
2020-07-16,176.000000,176.000000,176.000000,176.000000,174.523041,0
2020-07-17,176.000000,176.000000,176.000000,176.000000,174.523041,0
2020-07-20,176.000000,176.000000,176.000000,176.000000,174.523041,0
2020-07-21,176.000000,176.000000,176.000000,176.000000,174.523041,0
2020-07-22,176.000000,176.000000,176.000000,176.000000,174.523041,0
2020-07-23,176.000000,176.000000,176.000000,176.000000,174.523041,0
2020-07-24,176.000000,176.000000,176.000000,176.000000,174.523041,0
2020-07-27,176.000000,176.000000,176.000000,176.000000,174.523041,0
2020-07-28,176.000000,176.000000,176.000000,176.000000,174.523041,0
2020-07-29,176.000000,176.000000,176.000000,176.000000,174.523041,0
2020-07-30,176.000000,176.000000,176.000000,176.000000,174.523041,0
2020-07-31,176.000000,176.000000,176.000000,176.000000,174.523041,0
2020-08-03,176.000000,176.000000,176.000000,176.000000,174.523041,0
2020-08-04,176.000000,176.000000,176.000000,176.000000,174.523041,0
2020-08-05,176.000000,176.000000,176.000000,176.000000,174.523041,0
2020-08-06,176.000000,176.000000,176.000000,176.000000,174.523041,0
2020-08-07,176.000000,176.000000,176.000000,176.000000,174.523041,0
2020-08-10,176.000000,176.000000,176.000000,176.000000,174.523041,0
2020-08-11,176.000000,176.000000,176.000000,176.000000,174.523041,0
2020-08-12,176.000000,176.000000,176.000000,176.000000,174.523041,0
2020-08-13,176.000000,176.000000,176.000000,176.000000,174.523041,0
2020-08-14,176.000000,176.000000,176.000000,176.000000,174.523041,0
2020-08-17,176.000000,176.000000,176.000000,176.000000,174.523041,0
2020-08-18,176.000000,176.000000,176.000000,176.000000,174.523041,0
2020-08-19,176.000000,176.000000,176.000000,176.000000,174.523041,0
2020-08-20,176.000000,176.000000,176.000000,176.000000,174.523041,0
2020-08-21,176.000000,176.000000,176.000000,176.000000,174.523041,0
2020-08-24,176.000000,176.000000,176.000000,176.000000,174.523041,0
2020-08-25,176.000000,176.000000,176.000000,176.000000,174.523041,0
2020-08-26,176.000000,176.000000,176.000000,176.000000,174.523041,0
2020-08-27,176.000000,176.000000,176.000000,176.000000,174.523041,0
2020-08-28,176.000000,176.000000,176.000000,176.000000,174.523041,0
2020-08-31,176.000000,176.000000,176.000000,176.000000,175.020248,0
2020-09-01,176.000000,176.000000,176.000000,176.000000,175.020248,0
2020-09-02,176.000000,176.000000,176.000000,176.000000,175.020248,0
2020-09-03,176.000000,176.000000,176.000000,176.000000,175.020248,0
2020-09-04,176.000000,176.000000,176.000000,176.000000,175.020248,0
2020-09-08,176.000000,176.000000,176.000000,176.000000,175.020248,0
2020-09-09,176.000000,176.000000,176.000000,176.000000,175.020248,0
2020-09-10,176.000000,176.000000,176.000000,176.000000,175.020248,0
2020-09-11,176.000000,176.000000,176.000000,176.000000,175.020248,0
2020-09-14,176.000000,176.000000,176.000000,176.000000,175.020248,0
2020-09-15,176.000000,176.000000,176.000000,176.000000,175.020248,0
2020-09-16,176.000000,176.000000,176.000000,176.000000,175.020248,0
2020-09-17,176.000000,176.000000,176.000000,176.000000,175.020248,0
2020-09-18,176.000000,176.000000,176.000000,176.000000,175.020248,0
2020-09-21,176.000000,176.000000,176.000000,176.000000,175.020248,0
2020-09-22,176.000000,176.000000,176.000000,176.000000,175.020248,0
2020-09-23,176.000000,176.000000,176.000000,176.000000,175.020248,0
2020-09-24,176.000000,176.000000,176.000000,176.000000,175.020248,0
2020-09-25,176.000000,176.000000,176.000000,176.000000,175.020248,0
2020-09-28,150.000000,175.000000,150.000000,175.000000,174.025818,200
2020-09-29,175.000000,175.000000,175.000000,175.000000,174.025818,0
2020-09-30,175.000000,175.000000,175.000000,175.000000,174.025818,0
2020-10-01,175.000000,175.000000,175.000000,175.000000,174.025818,0
2020-10-02,175.000000,175.000000,175.000000,175.000000,174.025818,0
2020-10-05,175.000000,175.000000,175.000000,175.000000,174.025818,0
2020-10-06,175.000000,175.000000,175.000000,175.000000,174.025818,0
2020-10-07,175.000000,175.000000,175.000000,175.000000,174.025818,0
2020-10-08,175.000000,175.000000,175.000000,175.000000,174.025818,0
2020-10-09,175.000000,175.000000,175.000000,175.000000,174.025818,0
2020-10-12,175.000000,175.000000,175.000000,175.000000,174.025818,0
2020-10-13,175.000000,175.000000,175.000000,175.000000,174.025818,0
2020-10-14,175.000000,175.000000,175.000000,175.000000,174.025818,0
2020-10-15,175.000000,175.000000,175.000000,175.000000,174.025818,0
2020-10-16,175.000000,175.000000,175.000000,175.000000,174.025818,0
2020-10-19,175.000000,175.000000,175.000000,175.000000,174.025818,0
2020-10-20,175.000000,175.000000,175.000000,175.000000,174.025818,0
2020-10-21,175.000000,175.000000,175.000000,175.000000,174.025818,0
2020-10-22,175.000000,175.000000,175.000000,175.000000,174.025818,0
2020-10-23,175.000000,175.000000,175.000000,175.000000,174.025818,0
2020-10-26,175.000000,175.000000,175.000000,175.000000,174.025818,0
2020-10-27,175.000000,175.000000,175.000000,175.000000,174.025818,0
2020-10-28,175.000000,175.000000,175.000000,175.000000,174.025818,0
2020-10-29,175.000000,175.000000,175.000000,175.000000,174.025818,0
2020-10-30,175.000000,175.000000,175.000000,175.000000,174.025818,0
2020-11-02,175.000000,175.000000,175.000000,175.000000,174.025818,0
2020-11-03,175.000000,175.000000,175.000000,175.000000,174.025818,0
2020-11-04,175.000000,175.000000,175.000000,175.000000,174.025818,0
2020-11-05,175.000000,175.000000,175.000000,175.000000,174.025818,0
2020-11-06,175.000000,175.000000,175.000000,175.000000,174.025818,0
2020-11-09,175.000000,175.000000,175.000000,175.000000,174.025818,0
2020-11-10,175.000000,175.000000,175.000000,175.000000,174.025818,0
2020-11-11,175.000000,175.000000,175.000000,175.000000,174.025818,0
2020-11-12,175.000000,175.000000,175.000000,175.000000,174.025818,0
2020-11-13,175.000000,175.000000,175.000000,175.000000,174.025818,0
2020-11-16,175.000000,175.000000,175.000000,175.000000,174.025818,0
2020-11-17,175.000000,175.000000,175.000000,175.000000,174.025818,0
2020-11-18,175.000000,175.000000,175.000000,175.000000,174.025818,0
2020-11-19,175.000000,175.000000,175.000000,175.000000,174.025818,0
2020-11-20,175.000000,175.000000,175.000000,175.000000,174.025818,0
2020-11-23,175.000000,175.000000,175.000000,175.000000,174.025818,0
2020-11-24,175.000000,175.000000,175.000000,175.000000,174.025818,0
2020-11-25,175.000000,175.000000,175.000000,175.000000,174.025818,0
2020-11-27,175.000000,175.000000,175.000000,175.000000,174.025818,0
2020-11-30,175.000000,175.000000,175.000000,175.000000,174.524460,0
2020-12-01,175.000000,175.000000,175.000000,175.000000,174.524460,0
2020-12-02,175.000000,175.000000,175.000000,175.000000,174.524460,100
2020-12-03,175.000000,175.000000,175.000000,175.000000,174.524460,0
2020-12-04,175.000000,175.000000,175.000000,175.000000,174.524460,0
2020-12-07,175.000000,175.000000,175.000000,175.000000,174.524460,0
2020-12-08,175.000000,175.000000,175.000000,175.000000,174.524460,0
2020-12-09,175.000000,175.000000,175.000000,175.000000,174.524460,0
2020-12-10,175.000000,175.000000,175.000000,175.000000,174.524460,0
2020-12-11,175.000000,175.000000,175.000000,175.000000,174.524460,0
2020-12-14,175.000000,175.000000,175.000000,175.000000,174.524460,0
2020-12-15,105.000000,105.000000,105.000000,105.000000,104.714676,100
2020-12-16,105.000000,105.000000,105.000000,105.000000,104.714676,0
2020-12-17,105.000000,105.000000,105.000000,105.000000,104.714676,0
2020-12-18,105.000000,105.000000,105.000000,105.000000,104.714676,0
2020-12-21,105.000000,105.000000,105.000000,105.000000,104.714676,0
2020-12-22,175.000000,175.000000,174.000000,174.000000,173.527176,100
2020-12-23,174.000000,174.000000,174.000000,174.000000,173.527176,0
2020-12-24,174.000000,174.000000,174.000000,174.000000,173.527176,0
2020-12-28,174.000000,174.000000,174.000000,174.000000,173.527176,0
2020-12-29,174.000000,174.000000,174.000000,174.000000,173.527176,0
2020-12-30,174.000000,174.000000,174.000000,174.000000,173.527176,0
2020-12-31,174.000000,174.000000,174.000000,174.000000,173.527176,0
2021-01-04,174.000000,174.000000,174.000000,174.000000,173.527176,0
2021-01-05,174.000000,174.000000,174.000000,174.000000,173.527176,0
2021-01-06,184.000000,184.000000,184.000000,184.000000,183.500000,100
2021-01-07,184.000000,184.000000,184.000000,184.000000,183.500000,0
2021-01-08,184.000000,184.000000,184.000000,184.000000,183.500000,0
2021-01-11,184.000000,184.000000,184.000000,184.000000,183.500000,0
2021-01-12,184.000000,184.000000,184.000000,184.000000,183.500000,0
2021-01-13,184.000000,184.000000,184.000000,184.000000,183.500000,0
2021-01-14,184.000000,184.000000,184.000000,184.000000,183.500000,0
2021-01-15,184.000000,184.000000,184.000000,184.000000,183.500000,0
2021-01-19,184.000000,184.000000,184.000000,184.000000,183.500000,0
2021-01-20,184.000000,184.000000,184.000000,184.000000,183.500000,0
2021-01-21,184.000000,184.000000,184.000000,184.000000,183.500000,0
2021-01-22,184.000000,184.000000,184.000000,184.000000,183.500000,0
2021-01-25,184.000000,184.000000,184.000000,184.000000,183.500000,0
2021-01-26,184.000000,184.000000,184.000000,184.000000,183.500000,0
2021-01-27,184.000000,184.000000,184.000000,184.000000,183.500000,0
2021-01-28,184.000000,184.000000,184.000000,184.000000,183.500000,0
2021-01-29,184.000000,184.000000,184.000000,184.000000,183.500000,0
2021-02-01,184.000000,184.000000,184.000000,184.000000,183.500000,0
2021-02-02,184.000000,184.000000,184.000000,184.000000,183.500000,0
2021-02-03,184.000000,184.000000,184.000000,184.000000,183.500000,0
2021-02-04,184.000000,184.000000,184.000000,184.000000,183.500000,0
2021-02-05,184.000000,184.000000,184.000000,184.000000,183.500000,0
2021-02-08,184.000000,184.000000,184.000000,184.000000,183.500000,0
2021-02-09,184.000000,184.000000,184.000000,184.000000,183.500000,0
2021-02-10,184.000000,184.000000,184.000000,184.000000,183.500000,0
2021-02-11,184.000000,184.000000,184.000000,184.000000,183.500000,0
2021-02-12,184.000000,184.000000,184.000000,184.000000,183.500000,0
2021-02-16,184.000000,184.000000,184.000000,184.000000,183.500000,0
2021-02-17,184.000000,184.000000,184.000000,184.000000,183.500000,0
2021-02-18,190.000000,190.000000,190.000000,190.000000,189.483704,100
2021-02-19,184.000000,184.000000,184.000000,184.000000,183.500000,200
2021-02-22,184.000000,184.000000,184.000000,184.000000,183.500000,0
2021-02-23,184.000000,184.000000,184.000000,184.000000,183.500000,0
2021-02-24,184.000000,184.000000,184.000000,184.000000,183.500000,0
2021-02-25,184.000000,184.000000,184.000000,184.000000,183.500000,0
2021-02-26,184.000000,184.000000,184.000000,184.000000,184.000000,0
2021-03-01,184.000000,184.000000,184.000000,184.000000,184.000000,0
2021-03-02,184.000000,184.000000,184.000000,184.000000,184.000000,0
2021-03-03,184.000000,184.000000,184.000000,184.000000,184.000000,0
2021-03-04,184.000000,184.000000,184.000000,184.000000,184.000000,0
2021-03-05,184.000000,184.000000,184.000000,184.000000,184.000000,0
