Date,Open,High,Low,Close,Adj Close,Volume
2017-04-07,7.084000,7.084000,7.084000,7.084000,7.084000,300
2017-04-10,0.790000,0.790000,0.790000,0.790000,0.790000,0
2017-04-11,0.790000,0.790000,0.790000,0.790000,0.790000,0
2017-04-12,0.790000,0.790000,0.790000,0.790000,0.790000,0
2017-04-13,0.790000,0.790000,0.790000,0.790000,0.790000,0
2017-04-17,0.790000,0.790000,0.790000,0.790000,0.790000,0
2017-04-18,0.790000,0.790000,0.790000,0.790000,0.790000,0
2017-04-19,0.790000,0.790000,0.790000,0.790000,0.790000,0
2017-04-20,0.790000,0.790000,0.790000,0.790000,0.790000,0
2017-04-21,0.790000,0.790000,0.790000,0.790000,0.790000,0
2017-04-24,1.043000,1.043000,1.043000,1.043000,1.043000,1200
2017-04-25,0.925000,0.925000,0.925000,0.925000,0.925000,1200
2017-04-26,0.951000,0.958000,0.873000,0.928000,0.928000,91300
2017-04-27,0.982000,1.003000,0.949000,0.994000,0.994000,18200
2017-04-28,1.030000,2.300000,0.993000,1.055000,1.055000,35700
2017-05-01,1.060000,1.060000,1.037000,1.037000,1.037000,3300
2017-05-02,1.041000,1.041000,0.984000,0.984000,0.984000,1200
2017-05-03,1.066000,2.300000,1.039000,1.054000,1.054000,19500
2017-05-04,1.047000,1.047000,1.023000,1.023000,1.023000,5500
2017-05-05,2.300000,2.300000,1.178000,1.197000,1.197000,4700
2017-05-08,1.449000,1.456000,1.027000,1.096000,1.096000,98900
2017-05-09,1.170000,1.180000,0.922000,1.030000,1.030000,41400
2017-05-10,1.104000,1.250000,1.044000,1.132000,1.132000,125500
2017-05-11,1.169000,2.000000,0.950000,0.972000,0.972000,158600
2017-05-12,1.040000,1.050000,0.873000,0.913000,0.913000,125600
2017-05-15,0.950000,1.000000,0.720000,0.933000,0.933000,212200
2017-05-16,0.905000,0.980000,0.770000,0.826000,0.826000,159300
2017-05-17,0.810000,0.880000,0.788000,0.850000,0.850000,100700
2017-05-18,0.832000,1.140000,0.800000,0.995000,0.995000,160600
2017-05-19,1.122000,1.230000,1.060000,1.161000,1.161000,241700
2017-05-22,1.390000,1.950000,1.390000,1.630000,1.630000,842900
2017-05-23,1.550000,1.900000,0.950000,1.015000,1.015000,320900
2017-05-24,1.047000,1.380000,1.020000,1.070000,1.070000,347300
2017-05-25,1.010000,1.140000,0.877000,0.918000,0.918000,296600
2017-05-26,0.939000,1.100000,0.830000,0.869000,0.869000,38900
2017-05-30,0.915000,0.933000,0.849000,0.852000,0.852000,1111600
2017-05-31,0.751000,0.842000,0.724000,0.842000,0.842000,495000
2017-06-01,0.850000,0.884000,0.835000,0.860000,0.860000,197500
2017-06-02,0.880000,0.900000,0.837000,0.872000,0.872000,91400
2017-06-05,0.872000,0.872000,0.872000,0.872000,0.872000,0
2017-06-06,0.749000,0.843000,0.734000,0.843000,0.843000,122400
2017-06-07,0.811000,0.814000,0.705000,0.716000,0.716000,446900
2017-06-08,0.699000,0.780000,0.686000,0.766000,0.766000,600000
2017-06-09,0.780000,0.794000,0.757000,0.765000,0.765000,384800
2017-06-12,0.761000,0.776000,0.723000,0.755000,0.755000,105200
2017-06-13,0.758000,0.777000,0.750000,0.759000,0.759000,310500
2017-06-14,0.751000,0.764000,0.720000,0.747000,0.747000,331800
2017-06-15,0.750000,0.767000,0.718000,0.759000,0.759000,81200
2017-06-16,0.760000,0.761000,0.730000,0.753000,0.753000,40800
2017-06-19,0.750000,0.753000,0.721000,0.721000,0.721000,107300
2017-06-20,0.732000,0.737000,0.635000,0.734000,0.734000,555500
2017-06-21,0.709000,0.746000,0.708000,0.711000,0.711000,52100
2017-06-22,0.725000,0.758000,0.705000,0.740000,0.740000,27800
2017-06-23,0.754000,0.760000,0.747000,0.750000,0.750000,38500
2017-06-26,0.761000,0.761000,0.736000,0.750000,0.750000,151100
2017-06-27,0.744000,0.750000,0.722000,0.747000,0.747000,739300
2017-06-28,0.766000,0.870000,0.750000,0.817000,0.817000,1512500
2017-06-29,0.838000,0.850000,0.814000,0.821000,0.821000,495700
2017-06-30,0.834000,0.837000,0.774000,0.789000,0.789000,327500
2017-07-03,0.808000,0.840000,0.800000,0.838000,0.838000,225700
2017-07-05,0.773000,0.784000,0.719000,0.729000,0.729000,681100
2017-07-06,0.737000,0.740000,0.675000,0.688000,0.688000,450100
2017-07-07,0.696000,0.706000,0.663000,0.675000,0.675000,289700
2017-07-10,0.684000,0.684000,0.604000,0.623000,0.623000,421700
2017-07-11,0.583000,0.614000,0.521000,0.555000,0.555000,424300
2017-07-12,0.646000,0.707000,0.612000,0.670000,0.670000,233600
2017-07-13,0.645000,0.656000,0.602000,0.611000,0.611000,163100
2017-07-14,0.620000,0.630000,0.591000,0.630000,0.630000,278900
2017-07-17,0.634000,0.649000,0.626000,0.636000,0.636000,221600
2017-07-18,0.663000,0.663000,0.629000,0.650000,0.650000,206300
2017-07-19,0.662000,0.673000,0.633000,0.640000,0.640000,173300
2017-07-20,0.649000,0.649000,0.628000,0.638000,0.638000,123300
2017-07-21,0.649000,0.649000,0.611000,0.622000,0.622000,140700
2017-07-24,0.626000,0.640000,0.618000,0.626000,0.626000,63300
2017-07-25,0.630000,0.640000,0.605000,0.615000,0.615000,93800
2017-07-26,0.629000,0.630000,0.609000,0.630000,0.630000,187700
2017-07-27,0.629000,0.630000,0.602000,0.610000,0.610000,117300
2017-07-28,0.613000,0.630000,0.610000,0.620000,0.620000,105800
2017-07-31,0.630000,0.630000,0.615000,0.616000,0.616000,127800
2017-08-01,0.620000,0.627000,0.608000,0.608000,0.608000,38000
2017-08-02,0.625000,0.625000,0.595000,0.600000,0.600000,194200
2017-08-03,0.601000,0.604000,0.580000,0.580000,0.580000,114000
2017-08-04,0.583000,0.597000,0.563000,0.596000,0.596000,85100
2017-08-07,0.596000,0.596000,0.580000,0.596000,0.596000,52500
2017-08-08,0.596000,0.602000,0.580000,0.586000,0.586000,98900
2017-08-09,0.588000,0.603000,0.564000,0.583000,0.583000,110700
2017-08-10,0.592000,0.597000,0.575000,0.575000,0.575000,46000
2017-08-11,0.569000,0.592000,0.565000,0.592000,0.592000,79400
2017-08-14,0.591000,0.600000,0.572000,0.590000,0.590000,72800
2017-08-15,0.590000,0.590000,0.570000,0.581000,0.581000,53800
2017-08-16,0.587000,0.600000,0.572000,0.599000,0.599000,58600
2017-08-17,0.590000,0.596000,0.573000,0.579000,0.579000,127400
2017-08-18,0.573000,0.590000,0.560000,0.590000,0.590000,120900
2017-08-21,0.589000,0.607000,0.572000,0.592000,0.592000,70500
2017-08-22,0.588000,0.591000,0.572000,0.591000,0.591000,27100
2017-08-23,0.590000,0.591000,0.564000,0.572000,0.572000,118200
2017-08-24,0.590000,0.593000,0.570000,0.580000,0.580000,68200
2017-08-25,0.570000,0.586000,0.566000,0.571000,0.571000,97300
2017-08-28,0.583000,0.602000,0.552000,0.596000,0.596000,219800
2017-08-29,0.588000,0.600000,0.573000,0.590000,0.590000,47500
2017-08-30,0.593000,0.593000,0.568000,0.580000,0.580000,111900
2017-08-31,0.572000,0.590000,0.572000,0.584000,0.584000,30700
2017-09-01,0.580000,0.634000,0.578000,0.634000,0.634000,74700
2017-09-05,0.634000,0.650000,0.619000,0.619000,0.619000,153800
2017-09-06,0.625000,0.630000,0.610000,0.621000,0.621000,93700
2017-09-07,0.620000,0.640000,0.619000,0.640000,0.640000,213100
2017-09-08,0.630000,0.640000,0.620000,0.638000,0.638000,311300
2017-09-11,0.636000,0.650000,0.610000,0.625000,0.625000,701000
2017-09-12,0.630000,0.644000,0.607000,0.625000,0.625000,390400
2017-09-13,0.629000,0.649000,0.615000,0.635000,0.635000,324200
2017-09-14,0.650000,0.741000,0.639000,0.732000,0.732000,338000
2017-09-15,0.742000,0.765000,0.705000,0.765000,0.765000,325200
2017-09-18,0.770000,0.940000,0.770000,0.922000,0.922000,1164700
2017-09-19,0.967000,0.980000,0.768000,0.818000,0.818000,1485300
2017-09-20,0.844000,0.871000,0.800000,0.814000,0.814000,876200
2017-09-21,0.821000,0.824000,0.797000,0.797000,0.797000,722100
2017-09-22,0.818000,0.819000,0.748000,0.756000,0.756000,702000
2017-09-25,0.776000,0.777000,0.745000,0.747000,0.747000,901300
2017-09-26,0.754000,0.760000,0.679000,0.694000,0.694000,609100
2017-09-27,0.709000,0.720000,0.676000,0.683000,0.683000,569600
2017-09-28,0.694000,0.703000,0.650000,0.679000,0.679000,476800
2017-09-29,0.687000,0.687000,0.640000,0.656000,0.656000,539500
2017-10-02,0.661000,0.710000,0.655000,0.690000,0.690000,459600
2017-10-03,0.699000,0.717000,0.679000,0.700000,0.700000,576700
2017-10-04,0.708000,0.727000,0.695000,0.706000,0.706000,315400
2017-10-05,0.710000,0.715000,0.700000,0.707000,0.707000,388200
2017-10-06,0.695000,0.714000,0.677000,0.696000,0.696000,557500
2017-10-09,0.750000,0.770000,0.720000,0.760000,0.760000,1172500
2017-10-10,0.742000,0.759000,0.710000,0.724000,0.724000,896600
2017-10-11,0.741000,0.797000,0.710000,0.797000,0.797000,1055000
2017-10-12,0.813000,0.844000,0.795000,0.828000,0.828000,1333200
2017-10-13,0.826000,0.854000,0.780000,0.796000,0.796000,818400
2017-10-16,0.826000,0.832000,0.790000,0.800000,0.800000,553500
2017-10-17,0.807000,0.811000,0.765000,0.804000,0.804000,377900
2017-10-18,0.797000,0.797000,0.765000,0.780000,0.780000,232900
2017-10-19,0.779000,0.782000,0.720000,0.739000,0.739000,519800
2017-10-20,0.741000,0.786000,0.731000,0.749000,0.749000,383200
2017-10-23,0.770000,0.805000,0.765000,0.803000,0.803000,802300
2017-10-24,0.803000,0.828000,0.790000,0.793000,0.793000,503200
2017-10-25,0.799000,0.802000,0.780000,0.795000,0.795000,746700
2017-10-26,0.790000,0.800000,0.769000,0.772000,0.772000,364700
2017-10-27,0.770000,0.790000,0.766000,0.785000,0.785000,343600
2017-10-30,0.800000,0.800000,0.777000,0.782000,0.782000,791400
2017-10-31,0.795000,0.800000,0.781000,0.789000,0.789000,576700
2017-11-01,0.789000,0.799000,0.770000,0.779000,0.779000,513300
2017-11-02,0.757000,0.815000,0.706000,0.755000,0.755000,347300
2017-11-03,0.766000,0.790000,0.760000,0.785000,0.785000,362600
2017-11-06,0.787000,0.820000,0.753000,0.753000,0.753000,413000
2017-11-07,0.719000,0.825000,0.690000,0.750000,0.750000,465200
2017-11-08,0.750000,0.750000,0.650000,0.728000,0.728000,450900
2017-11-09,0.703000,0.750000,0.700000,0.744000,0.744000,231000
2017-11-10,0.755000,0.820000,0.730000,0.736000,0.736000,263300
2017-11-13,0.733000,0.810000,0.705000,0.716000,0.716000,622100
2017-11-14,0.715000,0.794000,0.630000,0.656000,0.656000,795300
2017-11-15,0.789000,0.789000,0.666000,0.690000,0.690000,377000
2017-11-16,0.710000,0.710000,0.671000,0.689000,0.689000,212500
2017-11-17,0.690000,0.690000,0.681000,0.690000,0.690000,307800
2017-11-20,0.733000,0.760000,0.670000,0.671000,0.671000,304200
2017-11-21,0.688000,0.700000,0.667000,0.689000,0.689000,258300
2017-11-22,0.712000,0.712000,0.680000,0.682000,0.682000,317800
2017-11-24,0.682000,0.705000,0.670000,0.687000,0.687000,363900
2017-11-27,0.685000,0.760000,0.684000,0.730000,0.730000,808600
2017-11-28,0.752000,0.789000,0.700000,0.720000,0.720000,470200
2017-11-29,0.729000,0.738000,0.674000,0.675000,0.675000,458000
2017-11-30,0.695000,0.720000,0.670000,0.683000,0.683000,399500
2017-12-01,0.710000,0.800000,0.673000,0.690000,0.690000,368200
2017-12-04,0.686000,0.707000,0.679000,0.706000,0.706000,690100
2017-12-05,0.708000,0.724000,0.695000,0.710000,0.710000,631500
2017-12-06,0.720000,0.740000,0.720000,0.730000,0.730000,375700
2017-12-07,0.735000,0.737000,0.696000,0.700000,0.700000,266100
2017-12-08,0.720000,0.721000,0.690000,0.692000,0.692000,302100
2017-12-11,0.704000,0.706000,0.680000,0.685000,0.685000,457400
2017-12-12,0.685000,0.696000,0.675000,0.680000,0.680000,621500
2017-12-13,0.683000,0.685000,0.675000,0.685000,0.685000,331900
2017-12-14,0.683000,0.691000,0.676000,0.685000,0.685000,299200
2017-12-15,0.681000,0.690000,0.669000,0.675000,0.675000,307700
2017-12-18,0.677000,0.755000,0.670000,0.748000,0.748000,1794400
2017-12-19,0.781000,0.843000,0.760000,0.827000,0.827000,3066200
2017-12-20,0.860000,1.060000,0.853000,0.941000,0.941000,4751700
2017-12-21,1.186000,1.230000,1.070000,1.230000,1.230000,4711900
2017-12-22,1.302000,2.000000,1.100000,1.125000,1.125000,5521200
2017-12-26,1.340000,1.490000,1.137000,1.380000,1.380000,3343000
2017-12-27,1.305000,1.440000,1.248000,1.420000,1.420000,2839100
2017-12-28,1.590000,1.650000,1.395000,1.410000,1.410000,4621400
2017-12-29,1.453000,1.480000,1.250000,1.370000,1.370000,3723700
2018-01-02,1.510000,1.720000,1.440000,1.720000,1.720000,4416700
2018-01-03,1.840000,2.224000,1.780000,2.200000,2.200000,5451600
2018-01-04,2.250000,2.380000,1.800000,2.040000,2.040000,8439600
2018-01-05,1.950000,2.200000,1.893000,2.060000,2.060000,3342700
2018-01-08,2.070000,2.300000,2.070000,2.140000,2.140000,2875000
2018-01-09,2.135000,2.300000,1.990000,2.030000,2.030000,2760500
2018-01-10,2.115000,2.200000,1.859000,1.890000,1.890000,3433500
2018-01-11,1.865000,1.900000,1.610000,1.720000,1.720000,6074300
2018-01-12,1.700000,1.710000,1.496000,1.638000,1.638000,5731200
2018-01-16,2.050000,2.100000,1.856000,1.880000,1.880000,4722400
2018-01-17,2.070000,2.700000,1.876000,1.950000,1.950000,3231400
2018-01-18,2.040000,2.100000,1.800000,1.844000,1.844000,2718300
2018-01-19,1.819000,1.820000,1.650000,1.800000,1.800000,2449400
2018-01-22,1.805000,1.820000,1.730000,1.750000,1.750000,2055200
2018-01-23,1.730000,1.810000,1.650000,1.800000,1.800000,2534400
2018-01-24,1.810000,1.830000,1.750000,1.755000,1.755000,1358000
2018-01-25,1.780000,1.780000,1.650000,1.670000,1.670000,1404800
2018-01-26,1.690000,1.820000,1.650000,1.809000,1.809000,4262700
2018-01-29,1.860000,1.920000,1.810000,1.866000,1.866000,3846300
2018-01-30,1.900000,1.900000,1.760000,1.769000,1.769000,2526700
2018-01-31,1.775000,1.840000,1.740000,1.749000,1.749000,1738300
2018-02-01,1.772000,1.780000,1.600000,1.608000,1.608000,3381200
2018-02-02,1.510000,1.660000,1.243000,1.430000,1.430000,5293100
2018-02-05,1.305000,1.600000,1.190000,1.470000,1.470000,3289900
2018-02-06,1.429000,1.520000,1.381000,1.510000,1.510000,1891500
2018-02-07,1.560000,1.590000,1.490000,1.510000,1.510000,1765900
2018-02-08,1.495000,1.530000,1.400000,1.400000,1.400000,1215300
2018-02-09,1.408000,1.440000,1.330000,1.408000,1.408000,1387500
2018-02-12,1.400000,1.429000,1.350000,1.369000,1.369000,1115900
2018-02-13,1.370000,1.370000,1.300000,1.319000,1.319000,1177700
2018-02-14,1.320000,1.350000,1.260000,1.324000,1.324000,1584500
2018-02-15,1.330000,1.330000,1.258000,1.298000,1.298000,1498600
2018-02-16,1.305000,1.360000,1.270000,1.287000,1.287000,1049200
2018-02-20,1.311000,1.410000,1.260000,1.380000,1.380000,1646400
2018-02-21,1.400000,1.420000,1.300000,1.310000,1.310000,1355900
2018-02-22,1.340000,1.340000,1.267000,1.280000,1.280000,914100
2018-02-23,1.280000,1.320000,1.229000,1.250000,1.250000,1524800
2018-02-26,1.290000,1.290000,1.150000,1.170000,1.170000,1650600
2018-02-27,1.160000,1.160000,1.050000,1.090000,1.090000,2168200
2018-02-28,1.090000,1.299000,1.050000,1.280000,1.280000,1564300
2018-03-01,1.280000,1.320000,1.220000,1.260000,1.260000,1047700
2018-03-02,1.270000,1.270000,1.180000,1.200000,1.200000,869800
2018-03-05,1.246000,1.321000,1.220000,1.310000,1.310000,1526600
2018-03-06,1.337000,1.420000,1.310000,1.330000,1.330000,1824100
2018-03-07,1.330000,1.350000,1.250000,1.260000,1.260000,1327800
2018-03-08,1.275000,1.300000,1.210000,1.232000,1.232000,796200
2018-03-09,1.290000,1.290000,1.210000,1.260000,1.260000,744800
2018-03-12,1.250000,1.290000,1.240000,1.280000,1.280000,878300
2018-03-13,1.255000,1.280000,1.230000,1.264000,1.264000,638600
2018-03-14,1.250000,1.280000,1.240000,1.260000,1.260000,472900
2018-03-15,1.290000,1.310000,1.260000,1.300000,1.300000,942500
2018-03-16,1.310000,1.370000,1.275000,1.360000,1.360000,1038400
2018-03-19,1.362000,1.430000,1.343000,1.390000,1.390000,1623900
2018-03-20,1.420000,1.420000,1.380000,1.400000,1.400000,953500
2018-03-21,1.390000,1.420000,1.340000,1.354000,1.354000,852800
2018-03-22,1.335000,1.370000,1.257000,1.280000,1.280000,1048400
2018-03-23,1.360000,1.380000,1.300000,1.310000,1.310000,997800
2018-03-26,1.310000,1.339000,1.260000,1.270000,1.270000,880300
2018-03-27,1.265000,1.290000,1.210000,1.210000,1.210000,774300
2018-03-28,1.190000,1.220000,1.130000,1.160000,1.160000,1324500
2018-03-29,1.180000,1.250000,1.130000,1.240000,1.240000,802700
2018-04-02,1.580000,1.600000,1.170000,1.190000,1.190000,1017900
2018-04-03,1.195000,1.250000,1.120000,1.160000,1.160000,908300
2018-04-04,1.150000,1.150000,1.020000,1.130000,1.130000,1784400
2018-04-05,1.150000,1.240000,1.150000,1.234000,1.234000,872600
2018-04-06,1.220000,1.250000,1.170000,1.224000,1.224000,655400
2018-04-09,1.218000,1.260000,1.140000,1.167000,1.167000,623000
2018-04-10,1.131000,1.180000,1.100000,1.150000,1.150000,882100
2018-04-11,1.123000,1.170000,1.110000,1.140000,1.140000,426700
2018-04-12,1.139000,1.190000,1.110000,1.170000,1.170000,517400
2018-04-13,1.186000,1.270000,1.150000,1.240000,1.240000,1196800
2018-04-16,1.266000,1.300000,1.240000,1.280000,1.280000,980800
2018-04-17,1.267000,1.300000,1.220000,1.261000,1.261000,737900
2018-04-18,1.275000,1.310000,1.210000,1.230000,1.230000,726500
2018-04-19,1.220000,1.260000,1.190000,1.210000,1.210000,428400
2018-04-20,1.206000,1.240000,1.200000,1.210000,1.210000,467200
2018-04-23,1.250000,1.250000,1.180000,1.200000,1.200000,440600
2018-04-24,1.200000,1.220000,1.160000,1.160000,1.160000,474400
2018-04-25,1.190000,1.210000,1.140000,1.170000,1.170000,839000
2018-04-26,1.220000,1.220000,1.160000,1.186000,1.186000,482700
2018-04-27,1.220000,1.220000,1.180000,1.220000,1.220000,1112400
2018-04-30,1.240000,1.245000,1.205000,1.220000,1.220000,1083300
2018-05-01,1.240000,1.280000,1.190000,1.220000,1.220000,572600
2018-05-02,1.250000,1.250000,1.180000,1.200000,1.200000,498600
2018-05-03,1.210000,1.210000,1.150000,1.160000,1.160000,871700
2018-05-04,1.160000,1.200000,1.150000,1.170000,1.170000,363300
2018-05-07,1.150000,1.210000,1.150000,1.160000,1.160000,783800
2018-05-08,1.160000,1.190000,1.130000,1.150000,1.150000,754900
2018-05-09,1.166000,1.190000,1.140000,1.150000,1.150000,470500
2018-05-10,1.210000,1.250000,1.130000,1.250000,1.250000,949300
2018-05-11,1.250000,1.260000,1.190000,1.240000,1.240000,635800
2018-05-14,1.240000,1.290000,1.236000,1.290000,1.290000,1172400
2018-05-15,1.300000,1.320000,1.259000,1.290000,1.290000,1455600
2018-05-16,1.310000,1.330000,1.290000,1.300000,1.300000,1281800
2018-05-17,1.330000,1.330000,1.210000,1.250000,1.250000,1807700
2018-05-18,1.250000,1.270000,1.180000,1.200000,1.200000,2355100
2018-05-21,1.250000,1.310000,1.210000,1.280000,1.280000,2076200
2018-05-22,1.242000,1.275000,1.180000,1.200000,1.200000,3105100
2018-05-23,1.120000,1.295000,1.070000,1.090000,1.090000,4172800
2018-05-24,1.120000,1.120000,1.070000,1.084000,1.084000,1551200
2018-05-25,1.090000,1.100000,1.040000,1.080000,1.080000,1676300
2018-05-29,1.050000,1.060000,0.967000,0.998000,0.998000,3096500
2018-05-30,1.010000,1.010000,0.930000,0.970000,0.970000,2467200
2018-05-31,0.994000,1.010000,0.970000,1.000000,1.000000,1439700
2018-06-01,1.000000,1.010000,0.940000,0.940000,0.940000,1530700
2018-06-04,0.948000,1.000000,0.929000,1.000000,1.000000,1200900
2018-06-05,1.018000,1.020000,0.970000,0.990000,0.990000,1095500
2018-06-06,1.005000,1.020000,0.975000,1.020000,1.020000,1909200
2018-06-07,1.080000,1.080000,0.994000,1.010000,1.010000,1740200
2018-06-08,0.989000,1.030000,0.984000,1.017000,1.017000,950700
2018-06-11,1.050000,1.060000,0.976000,0.990000,0.990000,945700
2018-06-12,0.974000,0.988000,0.910000,0.920000,0.920000,1059200
2018-06-13,0.924000,0.924000,0.860000,0.864000,0.864000,1490800
2018-06-14,0.849000,0.870000,0.815000,0.870000,0.870000,2437800
2018-06-15,0.861000,0.874000,0.810000,0.845000,0.845000,1417800
2018-06-18,0.830000,0.855000,0.810000,0.811000,0.811000,1372600
2018-06-19,0.820000,0.820000,0.764000,0.797000,0.797000,1492000
2018-06-20,0.853000,0.862000,0.820000,0.851000,0.851000,1680400
2018-06-21,0.863000,1.040000,0.863000,1.009000,1.009000,3430200
2018-06-22,1.060000,1.090000,0.959000,0.960000,0.960000,2362900
2018-06-25,0.960000,0.973000,0.881000,0.890000,0.890000,1192700
2018-06-26,0.883000,0.904000,0.841000,0.868000,0.868000,1063100
2018-06-27,0.872000,0.872000,0.800000,0.820000,0.820000,1246100
2018-06-28,0.819000,0.866000,0.794000,0.863000,0.863000,866500
2018-06-29,0.903000,0.903000,0.845000,0.880000,0.880000,998100
2018-07-02,0.900000,0.935000,0.880000,0.930000,0.930000,1268300
2018-07-03,0.921000,0.925000,0.875000,0.890000,0.890000,969300
2018-07-05,0.856000,0.879000,0.841000,0.863000,0.863000,1511400
2018-07-06,0.868000,0.873000,0.840000,0.840000,0.840000,735600
2018-07-09,0.872000,0.872000,0.820000,0.828000,0.828000,1096900
2018-07-10,0.835000,0.837000,0.807000,0.810000,0.810000,776400
2018-07-11,0.820000,0.825000,0.784000,0.800000,0.800000,1204800
2018-07-12,0.796000,0.817000,0.760000,0.779000,0.779000,1203200
2018-07-13,0.767000,0.787000,0.720000,0.730000,0.730000,1588200
2018-07-16,0.730000,0.746000,0.670000,0.670000,0.670000,1859400
2018-07-17,0.657000,0.672000,0.600000,0.635000,0.635000,2440500
2018-07-18,0.639000,0.749000,0.620000,0.725000,0.725000,1226000
2018-07-19,0.729000,0.729000,0.680000,0.690000,0.690000,863800
2018-07-20,0.690000,0.695000,0.670000,0.670000,0.670000,795200
2018-07-23,0.666000,0.718000,0.666000,0.687000,0.687000,760100
2018-07-24,0.688000,0.692000,0.648000,0.650000,0.650000,854600
2018-07-25,0.650000,0.676000,0.640000,0.650000,0.650000,676700
2018-07-26,0.632000,0.650000,0.610000,0.615000,0.615000,1032300
2018-07-27,0.646000,0.666000,0.610000,0.640000,0.640000,859500
2018-07-30,0.655000,0.670000,0.630000,0.640000,0.640000,630700
2018-07-31,0.634000,0.663000,0.620000,0.650000,0.650000,600700
2018-08-01,0.650000,0.650000,0.620000,0.630000,0.630000,619000
2018-08-02,0.622000,0.630000,0.606000,0.610000,0.610000,670000
2018-08-03,0.600000,0.620000,0.600000,0.609000,0.609000,1054200
2018-08-06,0.600000,0.639000,0.600000,0.639000,0.639000,515100
2018-08-07,0.626000,0.626000,0.590000,0.600000,0.600000,1063100
2018-08-08,0.598000,0.615000,0.580000,0.590000,0.590000,593500
2018-08-09,0.601000,0.650000,0.590000,0.642000,0.642000,817200
2018-08-10,0.648000,0.650000,0.610000,0.628000,0.628000,557700
2018-08-13,0.632000,0.632000,0.590000,0.591000,0.591000,738500
2018-08-14,0.580000,0.596000,0.560000,0.577000,0.577000,948300
2018-08-15,0.599000,0.619000,0.562000,0.600000,0.600000,1506400
2018-08-16,0.588000,0.611000,0.569000,0.590000,0.590000,1030800
2018-08-17,0.583000,0.605000,0.573000,0.590000,0.590000,1013800
2018-08-20,0.579000,0.680000,0.579000,0.668000,0.668000,3008600
2018-08-21,0.682000,0.700000,0.650000,0.679000,0.679000,1759800
2018-08-22,0.665000,0.679000,0.650000,0.661000,0.661000,859500
2018-08-23,0.659000,0.800000,0.658000,0.754000,0.754000,2045300
2018-08-24,0.795000,0.870000,0.760000,0.840000,0.840000,4035500
2018-08-27,0.901000,0.920000,0.870000,0.913000,0.913000,3653700
2018-08-28,0.929000,0.929000,0.790000,0.798000,0.798000,3371900
2018-08-29,0.839000,0.900000,0.817000,0.873000,0.873000,2105000
2018-08-30,0.874000,0.875000,0.815000,0.828000,0.828000,1947400
2018-08-31,0.839000,0.860000,0.815000,0.846000,0.846000,1747300
2018-09-04,0.868000,0.868000,0.820000,0.834000,0.834000,2025900
2018-09-05,0.838000,0.855000,0.780000,0.800000,0.800000,1815800
2018-09-06,0.800000,0.810000,0.758000,0.780000,0.780000,1091000
2018-09-07,0.794000,0.795000,0.740000,0.757000,0.757000,1374800
2018-09-10,0.762000,0.880000,0.762000,0.870000,0.870000,2248100
2018-09-11,0.954000,1.040000,0.918000,1.030000,1.030000,3750700
2018-09-12,1.090000,1.200000,1.040000,1.120000,1.120000,5269900
2018-09-13,1.140000,1.163000,0.949000,0.975000,0.975000,3382000
2018-09-14,0.902000,1.050000,0.882000,1.030000,1.030000,2417100
2018-09-17,1.050000,1.120000,1.000000,1.010000,1.010000,1955100
2018-09-18,1.034000,1.060000,0.988000,0.996000,0.996000,1893400
2018-09-19,0.998000,0.998000,0.920000,0.970000,0.970000,3674500
2018-09-20,0.980000,1.020000,0.929000,0.945000,0.945000,2080000
2018-09-21,0.971000,0.971000,0.910000,0.910000,0.910000,1793800
2018-09-24,0.971000,0.971000,0.910000,0.940000,0.940000,1779100
2018-09-25,0.933000,0.983000,0.910000,0.920000,0.920000,2075500
2018-09-26,0.902000,0.950000,0.840000,0.869000,0.869000,1980600
2018-09-27,0.869000,0.869000,0.810000,0.823000,0.823000,1624900
2018-09-28,0.829000,0.888000,0.810000,0.888000,0.888000,1035800
2018-10-01,0.882000,0.941000,0.882000,0.910000,0.910000,1550200
2018-10-02,0.911000,0.918000,0.850000,0.877000,0.877000,1283100
2018-10-03,0.863000,0.893000,0.841000,0.868000,0.868000,1643200
2018-10-04,0.858000,0.880000,0.840000,0.868000,0.868000,1611400
2018-10-05,0.871000,0.890000,0.834000,0.886000,0.886000,1922600
2018-10-08,0.950000,0.950000,0.886000,0.948000,0.948000,2619600
2018-10-09,0.939000,0.950000,0.905000,0.930000,0.930000,1564500
2018-10-10,0.945000,0.966000,0.907000,0.930000,0.930000,1213300
2018-10-11,0.924000,0.930000,0.890000,0.903000,0.903000,1589800
2018-10-12,0.903000,0.923000,0.889000,0.917000,0.917000,1215000
2018-10-15,0.946000,1.120000,0.918000,1.120000,1.120000,6465500
2018-10-16,1.179000,1.260000,1.040000,1.100000,1.100000,7329500
2018-10-17,1.014000,1.050000,0.921000,1.020000,1.020000,4039400
2018-10-18,1.014000,1.050000,0.951000,0.960000,0.960000,2558700
2018-10-19,0.958000,0.979000,0.860000,0.905000,0.905000,3418600
2018-10-22,0.889000,0.889000,0.754000,0.797000,0.797000,4363000
2018-10-23,0.720000,0.820000,0.660000,0.795000,0.795000,3978900
2018-10-24,0.820000,0.830000,0.751000,0.770000,0.770000,1427700
2018-10-25,0.710000,0.811000,0.710000,0.789000,0.789000,1049000
2018-10-26,0.773000,0.789000,0.751000,0.764000,0.764000,804700
2018-10-29,0.800000,0.800000,0.675000,0.695000,0.695000,2514000
2018-10-30,0.666000,0.700000,0.663000,0.686000,0.686000,1380700
2018-10-31,0.688000,0.740000,0.680000,0.707000,0.707000,929200
2018-11-01,0.732000,0.740000,0.708000,0.716000,0.716000,883500
2018-11-02,0.745000,0.750000,0.716000,0.731000,0.731000,907600
2018-11-05,0.761000,0.800000,0.741000,0.800000,0.800000,1433900
2018-11-06,0.814000,0.885000,0.800000,0.835000,0.835000,1842300
2018-11-07,0.867000,0.916000,0.831000,0.907000,0.907000,1626900
2018-11-08,0.889000,0.909000,0.842000,0.860000,0.860000,1254500
2018-11-09,0.856000,0.856000,0.745000,0.745000,0.745000,1673800
2018-11-12,0.752000,0.786000,0.706000,0.720000,0.720000,1001500
2018-11-13,0.737000,0.740000,0.690000,0.702000,0.702000,1332800
2018-11-14,0.682000,0.715000,0.665000,0.697000,0.697000,1335700
2018-11-15,0.699000,0.750000,0.698000,0.750000,0.750000,1122000
2018-11-16,0.743000,0.759000,0.700000,0.719000,0.719000,795500
2018-11-19,0.717000,0.719000,0.687000,0.696000,0.696000,1126200
2018-11-20,0.686000,0.696000,0.650000,0.668000,0.668000,1441400
2018-11-21,0.669000,0.700000,0.665000,0.700000,0.700000,563100
2018-11-23,0.676000,0.700000,0.648000,0.690000,0.690000,764700
2018-11-26,0.685000,0.700000,0.650000,0.655000,0.655000,1054600
2018-11-27,0.660000,0.664000,0.606000,0.620000,0.620000,1364100
2018-11-28,0.612000,0.680000,0.611000,0.677000,0.677000,1098200
2018-11-29,0.679000,0.682000,0.655000,0.667000,0.667000,537800
2018-11-30,0.672000,0.688000,0.650000,0.650000,0.650000,580500
2018-12-03,0.695000,0.695000,0.620000,0.637000,0.637000,1640600
2018-12-04,0.615000,0.638000,0.570000,0.605000,0.605000,2773300
2018-12-06,0.533000,0.583000,0.519000,0.580000,0.580000,2358100
2018-12-07,0.600000,0.622000,0.570000,0.595000,0.595000,1316000
2018-12-10,0.617000,0.617000,0.552000,0.565000,0.565000,748100
2018-12-11,0.558000,0.590000,0.558000,0.580000,0.580000,586600
2018-12-12,0.561000,0.600000,0.561000,0.592000,0.592000,665000
2018-12-13,0.603000,0.616000,0.586000,0.594000,0.594000,873900
2018-12-14,0.610000,0.610000,0.567000,0.580000,0.580000,715800
2018-12-17,0.571000,0.610000,0.550000,0.554000,0.554000,838900
2018-12-18,0.550000,0.585000,0.520000,0.522000,0.522000,1414300
2018-12-19,0.528000,0.568000,0.514000,0.537000,0.537000,745200
2018-12-20,0.518000,0.578000,0.518000,0.540000,0.540000,929800
2018-12-21,0.541000,0.552000,0.468000,0.468000,0.468000,1441900
2018-12-24,0.467000,0.555000,0.444000,0.542000,0.542000,1414000
2018-12-26,0.551000,0.600000,0.520000,0.570000,0.570000,1000400
2018-12-27,0.571000,0.590000,0.552000,0.580000,0.580000,899100
2018-12-28,0.580000,0.628000,0.571000,0.610000,0.610000,1253300
2018-12-31,0.634000,0.685000,0.610000,0.664000,0.664000,1304300
2019-01-02,0.652000,0.726000,0.635000,0.710000,0.710000,1118600
2019-01-03,0.748000,0.748000,0.648000,0.650000,0.650000,1073600
2019-01-04,0.666000,0.670000,0.635000,0.651000,0.651000,761300
2019-01-07,0.685000,0.685000,0.649000,0.670000,0.670000,520300
2019-01-08,0.696000,0.696000,0.650000,0.663000,0.663000,528900
2019-01-09,0.691000,0.691000,0.658000,0.682000,0.682000,1061600
2019-01-10,0.699000,0.710000,0.670000,0.692000,0.692000,1252000
2019-01-11,0.685000,0.716000,0.670000,0.703000,0.703000,1049600
2019-01-14,0.725000,0.740000,0.696000,0.730000,0.730000,1174300
2019-01-15,0.735000,0.761000,0.700000,0.710000,0.710000,1040200
2019-01-16,0.716000,0.722000,0.697000,0.709000,0.709000,580500
2019-01-17,0.705000,0.711000,0.680000,0.690000,0.690000,584000
2019-01-18,0.682000,0.710000,0.682000,0.697000,0.697000,729000
2019-01-22,0.678000,0.686000,0.648000,0.670000,0.670000,1206400
2019-01-23,0.693000,0.693000,0.660000,0.667000,0.667000,563900
2019-01-24,0.670000,0.682000,0.649000,0.671000,0.671000,585900
2019-01-25,0.652000,0.718000,0.652000,0.716000,0.716000,1125800
2019-01-28,0.728000,0.740000,0.705000,0.730000,0.730000,1228800
2019-01-29,0.714000,0.740000,0.700000,0.707000,0.707000,990800
2019-01-30,0.710000,0.730000,0.700000,0.710000,0.710000,572100
2019-01-31,0.719000,0.720000,0.692000,0.718000,0.718000,1027400
2019-02-01,0.744000,0.744000,0.704000,0.715000,0.715000,989400
2019-02-04,0.720000,0.740000,0.700000,0.710000,0.710000,1555300
2019-02-05,0.728000,0.728000,0.690000,0.700000,0.700000,856200
2019-02-06,0.701000,0.714000,0.672000,0.685000,0.685000,1225000
2019-02-07,0.577000,0.650000,0.576000,0.640000,0.640000,2729300
2019-02-08,0.608000,0.642000,0.565000,0.570000,0.570000,3164800
2019-02-11,0.566000,0.596000,0.552000,0.560000,0.560000,1948200
2019-02-12,0.575000,0.575000,0.525000,0.535000,0.535000,2234900
2019-02-13,0.556000,0.560000,0.539000,0.540000,0.540000,1224700
2019-02-14,0.538000,0.559000,0.538000,0.548000,0.548000,1024900
2019-02-15,0.550000,0.561000,0.542000,0.560000,0.560000,1201000
2019-02-19,0.578000,0.589000,0.560000,0.570000,0.570000,1369000
2019-02-20,0.593000,0.593000,0.554000,0.564000,0.564000,1002700
2019-02-21,0.578000,0.578000,0.551000,0.552000,0.552000,938900
2019-02-22,0.562000,0.569000,0.550000,0.556000,0.556000,772200
2019-02-25,0.551000,0.577000,0.551000,0.570000,0.570000,1118000
2019-02-26,0.573000,0.596000,0.573000,0.590000,0.590000,1139800
2019-02-27,0.578000,0.611000,0.578000,0.596000,0.596000,776200
2019-02-28,0.579000,0.600000,0.579000,0.598000,0.598000,874800
2019-03-01,0.586000,0.600000,0.580000,0.584000,0.584000,1492600
2019-03-04,0.580000,0.596000,0.560000,0.563000,0.563000,917000
2019-03-05,0.567000,0.571000,0.550000,0.562000,0.562000,1044000
2019-03-06,0.567000,0.580000,0.550000,0.575000,0.575000,1588000
2019-03-07,0.598000,0.598000,0.550000,0.560000,0.560000,771100
2019-03-08,0.560000,0.560000,0.544000,0.558000,0.558000,665900
2019-03-11,0.542000,0.576000,0.542000,0.560000,0.560000,1029700
2019-03-12,0.553000,0.586000,0.553000,0.579000,0.579000,1453600
2019-03-13,0.593000,0.593000,0.571000,0.580000,0.580000,1161700
2019-03-14,0.594000,0.594000,0.570000,0.578000,0.578000,770300
2019-03-15,0.585000,0.597000,0.560000,0.597000,0.597000,891900
2019-03-18,0.625000,0.670000,0.590000,0.670000,0.670000,2808400
2019-03-19,0.711000,0.780000,0.690000,0.760000,0.760000,5472500
2019-03-20,0.770000,0.790000,0.700000,0.747000,0.747000,2746400
2019-03-21,0.748000,0.748000,0.670000,0.705000,0.705000,2399400
2019-03-22,0.715000,0.740000,0.690000,0.733000,0.733000,1141500
2019-03-25,0.740000,0.769000,0.736000,0.754000,0.754000,1313400
2019-03-26,0.737000,0.775000,0.737000,0.767000,0.767000,1677400
2019-03-27,0.773000,0.773000,0.700000,0.710000,0.710000,1414300
2019-03-28,0.724000,0.740000,0.690000,0.721000,0.721000,808700
2019-03-29,0.675000,0.690000,0.631000,0.654000,0.654000,3674200
2019-04-01,0.630000,0.658000,0.610000,0.637000,0.637000,2169100
2019-04-02,0.615000,0.640000,0.610000,0.616000,0.616000,1095400
2019-04-03,0.616000,0.640000,0.607000,0.631000,0.631000,1228100
2019-04-04,0.632000,0.660000,0.632000,0.654000,0.654000,970300
2019-04-05,0.676000,0.680000,0.650000,0.671000,0.671000,868100
2019-04-08,0.700000,0.708000,0.671000,0.689000,0.689000,1587900
2019-04-09,0.690000,0.700000,0.650000,0.650000,0.650000,862600
2019-04-10,0.641000,0.685000,0.641000,0.680000,0.680000,649700
2019-04-11,0.691000,0.691000,0.650000,0.658000,0.658000,548200
2019-04-12,0.656000,0.679000,0.650000,0.670000,0.670000,902600
2019-04-15,0.680000,0.680000,0.647000,0.653000,0.653000,1070700
2019-04-16,0.669000,0.669000,0.620000,0.630000,0.630000,1085300
2019-04-17,0.640000,0.640000,0.595000,0.614000,0.614000,1110700
2019-04-18,0.602000,0.638000,0.601000,0.623000,0.623000,820700
2019-04-22,0.621000,0.655000,0.615000,0.652000,0.652000,1079900
2019-04-23,0.664000,0.674000,0.649000,0.665000,0.665000,1146400
2019-04-24,0.684000,0.688000,0.642000,0.663000,0.663000,1073900
2019-04-25,0.648000,0.665000,0.634000,0.653000,0.653000,581400
2019-04-26,0.655000,0.663000,0.636000,0.645000,0.645000,585700
2019-04-29,0.633000,0.658000,0.632000,0.640000,0.640000,1020500
2019-04-30,0.658000,0.658000,0.620000,0.630000,0.630000,1413800
2019-05-01,0.643000,0.645000,0.616000,0.634000,0.634000,432400
2019-05-02,0.635000,0.648000,0.620000,0.620000,0.620000,557000
2019-05-03,0.628000,0.635000,0.605000,0.620000,0.620000,478800
2019-05-06,0.626000,0.642000,0.612000,0.629000,0.629000,625600
2019-05-07,0.634000,0.640000,0.615000,0.616000,0.616000,559800
2019-05-08,0.610000,0.629000,0.600000,0.620000,0.620000,467600
2019-05-09,0.610000,0.627000,0.590000,0.604000,0.604000,844200
2019-05-10,0.602000,0.620000,0.593000,0.614000,0.614000,2778100
2019-05-13,0.600000,0.635000,0.600000,0.613000,0.613000,569800
2019-05-14,0.617000,0.626000,0.597000,0.600000,0.600000,806600
2019-05-15,0.600000,0.616000,0.596000,0.602000,0.602000,338100
2019-05-16,0.605000,0.605000,0.578000,0.594000,0.594000,524100
2019-05-17,0.595000,0.610000,0.582000,0.595000,0.595000,841100
2019-05-20,0.590000,0.623000,0.590000,0.618000,0.618000,747700
2019-05-21,0.605000,0.629000,0.595000,0.618000,0.618000,1151200
2019-05-22,0.628000,0.637000,0.615000,0.620000,0.620000,1260600
2019-05-23,0.634000,0.637000,0.602000,0.615000,0.615000,657900
2019-05-24,0.630000,0.630000,0.610000,0.620000,0.620000,370800
2019-05-28,0.620000,0.620000,0.595000,0.600000,0.600000,1374900
2019-05-29,0.586000,0.610000,0.586000,0.608000,0.608000,626100
2019-05-30,0.610000,0.620000,0.590000,0.590000,0.590000,501800
2019-05-31,0.595000,0.604000,0.586000,0.600000,0.600000,508600
2019-06-03,0.575000,0.602000,0.575000,0.591000,0.591000,534700
2019-06-04,0.575000,0.600000,0.575000,0.590000,0.590000,637100
2019-06-05,0.593000,0.603000,0.589000,0.595000,0.595000,426600
2019-06-06,0.595000,0.600000,0.580000,0.594000,0.594000,497200
2019-06-07,0.595000,0.600000,0.584000,0.600000,0.600000,424200
2019-06-10,0.618000,0.618000,0.585000,0.600000,0.600000,667700
2019-06-11,0.600000,0.600000,0.581000,0.587000,0.587000,377800
2019-06-12,0.590000,0.612000,0.585000,0.590000,0.590000,393300
2019-06-13,0.578000,0.600000,0.577000,0.588000,0.588000,484200
2019-06-14,0.586000,0.586000,0.550000,0.563000,0.563000,780800
2019-06-17,0.580000,0.586000,0.550000,0.562000,0.562000,460000
2019-06-18,0.556000,0.561000,0.520000,0.550000,0.550000,1899300
2019-06-19,0.535000,0.561000,0.530000,0.545000,0.545000,529700
2019-06-20,0.556000,0.556000,0.528000,0.545000,0.545000,684000
2019-06-21,0.532000,0.554000,0.527000,0.550000,0.550000,564600
2019-06-24,0.566000,0.570000,0.542000,0.559000,0.559000,529900
2019-06-25,0.579000,0.579000,0.529000,0.532000,0.532000,387600
2019-06-26,0.535000,0.570000,0.531000,0.566000,0.566000,399200
2019-06-27,0.575000,0.603000,0.554000,0.585000,0.585000,865300
2019-06-28,0.588000,0.610000,0.585000,0.605000,0.605000,582900
2019-07-01,0.589000,0.630000,0.589000,0.630000,0.630000,1075600
2019-07-02,0.623000,0.630000,0.610000,0.628000,0.628000,673600
2019-07-03,0.613000,0.617000,0.580000,0.604000,0.604000,507300
2019-07-05,0.585000,0.604000,0.581000,0.593000,0.593000,309900
2019-07-08,0.607000,0.607000,0.560000,0.576000,0.576000,1298700
2019-07-09,0.571000,0.588000,0.555000,0.565000,0.565000,598900
2019-07-10,0.560000,0.577000,0.549000,0.572000,0.572000,403000
2019-07-11,0.589000,0.590000,0.540000,0.560000,0.560000,850900
2019-07-12,0.561000,0.561000,0.540000,0.545000,0.545000,450500
2019-07-15,0.560000,0.560000,0.540000,0.551000,0.551000,444200
2019-07-16,0.550000,0.563000,0.550000,0.559000,0.559000,678400
2019-07-17,0.550000,0.567000,0.547000,0.553000,0.553000,544800
2019-07-18,0.550000,0.552000,0.538000,0.547000,0.547000,494200
2019-07-19,0.545000,0.553000,0.527000,0.545000,0.545000,341100
2019-07-22,0.551000,0.565000,0.539000,0.540000,0.540000,487900
2019-07-23,0.571000,0.571000,0.538000,0.554000,0.554000,321600
2019-07-24,0.539000,0.572000,0.539000,0.560000,0.560000,599800
2019-07-25,0.665000,0.697000,0.621000,0.682000,0.682000,3624800
2019-07-26,0.695000,0.710000,0.659000,0.670000,0.670000,1642500
2019-07-29,0.704000,0.704000,0.652000,0.660000,0.660000,1620900
2019-07-30,0.666000,0.679000,0.630000,0.644000,0.644000,1354700
2019-07-31,0.645000,0.672000,0.645000,0.663000,0.663000,1663100
2019-08-01,0.666000,0.685000,0.655000,0.682000,0.682000,2297600
2019-08-02,0.704000,0.760000,0.695000,0.754000,0.754000,4726500
2019-08-05,0.799000,0.820000,0.770000,0.813000,0.813000,4928400
2019-08-06,0.808000,0.820000,0.758000,0.790000,0.790000,3647000
2019-08-07,0.790000,0.800000,0.750000,0.790000,0.790000,1666300
2019-08-08,0.780000,0.795000,0.770000,0.776000,0.776000,1044100
2019-08-09,0.785000,0.785000,0.638000,0.668000,0.668000,2951300
2019-08-12,0.662000,0.720000,0.646000,0.704000,0.704000,1225600
2019-08-13,0.712000,0.723000,0.690000,0.701000,0.701000,1045700
2019-08-14,0.713000,0.719000,0.674000,0.680000,0.680000,910500
2019-08-15,0.668000,0.698000,0.655000,0.680000,0.680000,972500
2019-08-16,0.688000,0.702000,0.673000,0.690000,0.690000,904400
2019-08-19,0.698000,0.702000,0.676000,0.694000,0.694000,750900
2019-08-20,0.685000,0.705000,0.666000,0.673000,0.673000,876700
2019-08-21,0.673000,0.690000,0.660000,0.670000,0.670000,573000
2019-08-22,0.670000,0.687000,0.660000,0.669000,0.669000,1012400
2019-08-23,0.663000,0.670000,0.659000,0.662000,0.662000,540200
2019-08-26,0.655000,0.673000,0.630000,0.653000,0.653000,1306000
2019-08-27,0.684000,0.684000,0.615000,0.620000,0.620000,1033400
2019-08-28,0.599000,0.665000,0.599000,0.665000,0.665000,1028900
2019-08-29,0.665000,0.700000,0.661000,0.685000,0.685000,1155500
2019-08-30,0.705000,0.705000,0.670000,0.680000,0.680000,566900
2019-09-03,0.672000,0.710000,0.672000,0.700000,0.700000,793600
2019-09-04,0.709000,0.717000,0.670000,0.706000,0.706000,760500
2019-09-05,0.702000,0.714000,0.700000,0.710000,0.710000,456800
2019-09-06,0.718000,0.735000,0.705000,0.730000,0.730000,734800
2019-09-09,0.750000,0.775000,0.734000,0.753000,0.753000,1928500
2019-09-10,0.756000,0.761000,0.714000,0.727000,0.727000,705900
2019-09-11,0.719000,0.739000,0.710000,0.715000,0.715000,490600
2019-09-12,0.701000,0.728000,0.700000,0.709000,0.709000,458300
2019-09-13,0.723000,0.731000,0.700000,0.715000,0.715000,537400
2019-09-16,0.729000,0.729000,0.685000,0.700000,0.700000,622400
2019-09-17,0.685000,0.712000,0.670000,0.685000,0.685000,584200
2019-09-18,0.680000,0.685000,0.670000,0.675000,0.675000,434800
2019-09-19,0.655000,0.680000,0.655000,0.661000,0.661000,535200
2019-09-20,0.673000,0.678000,0.654000,0.675000,0.675000,406600
2019-09-23,0.675000,0.686000,0.654000,0.670000,0.670000,795000
2019-09-24,0.666000,0.673000,0.626000,0.631000,0.631000,849000
2019-09-25,0.635000,0.673000,0.615000,0.670000,0.670000,758500
2019-09-26,0.661000,0.682000,0.654000,0.663000,0.663000,575500
2019-09-27,0.643000,0.667000,0.620000,0.628000,0.628000,1407200
2019-09-30,0.644000,0.644000,0.597000,0.600000,0.600000,1073800
2019-10-01,0.576000,0.603000,0.550000,0.566000,0.566000,1461600
2019-10-02,0.550000,0.589000,0.530000,0.575000,0.575000,1152100
2019-10-03,0.575000,0.600000,0.557000,0.585000,0.585000,873200
2019-10-04,0.619000,0.620000,0.584000,0.596000,0.596000,572200
2019-10-07,0.601000,0.617000,0.580000,0.600000,0.600000,506300
2019-10-08,0.591000,0.610000,0.578000,0.580000,0.580000,474300
2019-10-09,0.595000,0.595000,0.562000,0.565000,0.565000,413000
2019-10-10,0.560000,0.569000,0.556000,0.562000,0.562000,932400
2019-10-11,0.544000,0.580000,0.544000,0.550000,0.550000,828800
2019-10-14,0.545000,0.570000,0.535000,0.564000,0.564000,683000
2019-10-15,0.540000,0.580000,0.540000,0.569000,0.569000,483600
2019-10-16,0.573000,0.587000,0.545000,0.550000,0.550000,540500
2019-10-17,0.557000,0.575000,0.548000,0.565000,0.565000,588800
2019-10-18,0.572000,0.572000,0.525000,0.539000,0.539000,1110100
2019-10-21,0.530000,0.558000,0.519000,0.535000,0.535000,569900
2019-10-22,0.550000,0.550000,0.527000,0.533000,0.533000,485200
2019-10-23,0.521000,0.547000,0.521000,0.545000,0.545000,342800
2019-10-24,0.555000,0.557000,0.530000,0.530000,0.530000,741500
2019-10-25,0.544000,0.544000,0.520000,0.530000,0.530000,973500
2019-10-28,0.520000,0.570000,0.520000,0.537000,0.537000,1247800
2019-10-29,0.541000,0.542000,0.520000,0.530000,0.530000,627700
2019-10-30,0.530000,0.540000,0.520000,0.528000,0.528000,552600
2019-10-31,0.541000,0.541000,0.500000,0.510000,0.510000,610400
2019-11-01,0.520000,0.525000,0.502000,0.512000,0.512000,736200
2019-11-04,0.500000,0.525000,0.480000,0.485000,0.485000,1278400
2019-11-05,0.480000,0.507000,0.476000,0.501000,0.501000,839000
2019-11-06,0.500000,0.564000,0.490000,0.540000,0.540000,823200
2019-11-07,0.537000,0.571000,0.537000,0.558000,0.558000,508500
2019-11-08,0.568000,0.584000,0.550000,0.582000,0.582000,756000
2019-11-11,0.576000,0.576000,0.530000,0.552000,0.552000,506400
2019-11-12,0.523000,0.577000,0.523000,0.562000,0.562000,489600
2019-11-13,0.542000,0.585000,0.542000,0.564000,0.564000,336800
2019-11-14,0.538000,0.567000,0.510000,0.520000,0.520000,707700
2019-11-15,0.520000,0.532000,0.510000,0.521000,0.521000,709000
2019-11-18,0.530000,0.546000,0.487000,0.494000,0.494000,1039100
2019-11-19,0.480000,0.503000,0.465000,0.475000,0.475000,952100
2019-11-20,0.497000,0.510000,0.470000,0.494000,0.494000,711100
2019-11-21,0.496000,0.560000,0.496000,0.550000,0.550000,906500
2019-11-22,0.555000,0.567000,0.509000,0.509000,0.509000,715600
2019-11-25,0.524000,0.539000,0.503000,0.522000,0.522000,761600
2019-11-26,0.503000,0.534000,0.500000,0.500000,0.500000,598500
2019-11-27,0.496000,0.513000,0.490000,0.500000,0.500000,709200
2019-11-29,0.498000,0.500000,0.480000,0.497000,0.497000,301800
2019-12-02,0.479000,0.500000,0.479000,0.486000,0.486000,470000
2019-12-03,0.486000,0.490000,0.472000,0.475000,0.475000,877300
2019-12-04,0.490000,0.490000,0.459000,0.462000,0.462000,984700
2019-12-05,0.474000,0.482000,0.460000,0.463000,0.463000,961900
2019-12-06,0.463000,0.472000,0.450000,0.467000,0.467000,1336300
2019-12-09,0.444000,0.479000,0.444000,0.468000,0.468000,647600
2019-12-10,0.461000,0.481000,0.460000,0.465000,0.465000,554200
2019-12-11,0.470000,0.474000,0.455000,0.460000,0.460000,728100
2019-12-12,0.467000,0.470000,0.448000,0.463000,0.463000,528900
2019-12-13,0.478000,0.478000,0.448000,0.473000,0.473000,455300
2019-12-16,0.463000,0.484000,0.460000,0.468000,0.468000,673300
2019-12-17,0.463000,0.492000,0.460000,0.467000,0.467000,869800
2019-12-18,0.455000,0.480000,0.447000,0.451000,0.451000,846300
2019-12-19,0.443000,0.464000,0.435000,0.444000,0.444000,886900
2019-12-20,0.460000,0.470000,0.430000,0.466000,0.466000,905200
2019-12-23,0.470000,0.470000,0.430000,0.439000,0.439000,1156400
2019-12-24,0.431000,0.441000,0.429000,0.430000,0.430000,666900
2019-12-26,0.400000,0.450000,0.400000,0.429000,0.429000,817600
2019-12-27,0.434000,0.450000,0.430000,0.439000,0.439000,1026600
2019-12-30,0.432000,0.449000,0.400000,0.410000,0.410000,1900600
2019-12-31,0.400000,0.435000,0.397000,0.427000,0.427000,1729500
2020-01-02,0.417000,0.440000,0.414000,0.431000,0.431000,614200
2020-01-03,0.424000,0.464000,0.421000,0.463000,0.463000,813500
2020-01-06,0.447000,0.477000,0.447000,0.453000,0.453000,740700
2020-01-07,0.455000,0.460000,0.430000,0.440000,0.440000,524700
2020-01-08,0.440000,0.445000,0.418000,0.438000,0.438000,965200
2020-01-09,0.440000,0.444000,0.425000,0.439000,0.439000,520500
2020-01-10,0.440000,0.448000,0.435000,0.440000,0.440000,741900
2020-01-13,0.451000,0.470000,0.423000,0.470000,0.470000,1025400
2020-01-14,0.470000,0.480000,0.452000,0.469000,0.469000,947900
2020-01-15,0.460000,0.509000,0.460000,0.494000,0.494000,1215100
2020-01-16,0.536000,0.580000,0.511000,0.565000,0.565000,2523000
2020-01-17,0.580000,0.585000,0.560000,0.566000,0.566000,1269800
2020-01-21,0.540000,0.546000,0.512000,0.513000,0.513000,1477800
2020-01-22,0.499000,0.530000,0.499000,0.520000,0.520000,553500
2020-01-23,0.523000,0.535000,0.512000,0.529000,0.529000,597100
2020-01-24,0.525000,0.534000,0.500000,0.500000,0.500000,510100
2020-01-27,0.471000,0.509000,0.470000,0.500000,0.500000,903700
2020-01-28,0.470000,0.519000,0.470000,0.514000,0.514000,373700
2020-01-29,0.524000,0.524000,0.492000,0.495000,0.495000,450400
2020-01-30,0.480000,0.502000,0.479000,0.480000,0.480000,393200
2020-01-31,0.491000,0.491000,0.460000,0.464000,0.464000,825500
2020-02-03,0.468000,0.477000,0.456000,0.458000,0.458000,749600
2020-02-04,0.467000,0.470000,0.437000,0.450000,0.450000,766800
2020-02-05,0.447000,0.460000,0.441000,0.447000,0.447000,1100000
2020-02-06,0.446000,0.470000,0.446000,0.470000,0.470000,1041200
2020-02-07,0.429000,0.461000,0.429000,0.451000,0.451000,848200
2020-02-10,0.452000,0.460000,0.430000,0.437000,0.437000,1216800
2020-02-11,0.437000,0.441000,0.415000,0.429000,0.429000,898700
2020-02-12,0.425000,0.432000,0.414000,0.420000,0.420000,668800
2020-02-13,0.402000,0.427000,0.402000,0.410000,0.410000,830000
2020-02-14,0.443000,0.452000,0.392000,0.403000,0.403000,1317100
2020-02-18,0.410000,0.433000,0.400000,0.420000,0.420000,1517200
2020-02-19,0.426000,0.438000,0.410000,0.416000,0.416000,1241000
2020-02-20,0.410000,0.438000,0.410000,0.428000,0.428000,989800
2020-02-21,0.437000,0.440000,0.410000,0.429000,0.429000,768500
2020-02-24,0.411000,0.428000,0.400000,0.407000,0.407000,968600
2020-02-25,0.420000,0.420000,0.390000,0.395000,0.395000,1001300
2020-02-26,0.372000,0.402000,0.372000,0.382000,0.382000,1014400
2020-02-27,0.380000,0.380000,0.330000,0.336000,0.336000,2527900
2020-02-28,0.335000,0.335000,0.280000,0.322000,0.322000,2750200
2020-03-02,0.310000,0.330000,0.310000,0.330000,0.330000,1125500
2020-03-03,0.330000,0.383000,0.324000,0.350000,0.350000,1069800
2020-03-04,0.367000,0.380000,0.350000,0.350000,0.350000,834800
2020-03-05,0.350000,0.356000,0.325000,0.326000,0.326000,904800
2020-03-06,0.315000,0.325000,0.305000,0.318000,0.318000,763700
2020-03-09,0.300000,0.307000,0.264000,0.276000,0.276000,2085400
2020-03-10,0.299000,0.321000,0.279000,0.283000,0.283000,1089500
2020-03-11,0.283000,0.296000,0.260000,0.260000,0.260000,925800
2020-03-12,0.261000,0.261000,0.207000,0.218000,0.218000,2469200
2020-03-13,0.207000,0.240000,0.205000,0.222000,0.222000,1514200
2020-03-16,0.206000,0.227000,0.190000,0.190000,0.190000,1400300
2020-03-17,0.183000,0.206000,0.183000,0.195000,0.195000,1119200
2020-03-18,0.204000,0.204000,0.150000,0.160000,0.160000,2352400
2020-03-19,0.160000,0.170000,0.138000,0.164000,0.164000,1278100
2020-03-20,0.188000,0.209000,0.156000,0.201000,0.201000,2260700
2020-03-23,0.195000,0.250000,0.195000,0.216000,0.216000,1986200
2020-03-24,0.223000,0.253000,0.210000,0.221000,0.221000,901400
2020-03-25,0.250000,0.250000,0.222000,0.243000,0.243000,1325000
2020-03-26,0.259000,0.295000,0.224000,0.285000,0.285000,1492500
2020-03-27,0.310000,0.310000,0.260000,0.273000,0.273000,1080400
2020-03-30,0.348000,0.348000,0.248000,0.252000,0.252000,674600
2020-03-31,0.237000,0.280000,0.237000,0.269000,0.269000,718700
2020-04-01,0.230000,0.280000,0.230000,0.251000,0.251000,459600
2020-04-02,0.257000,0.260000,0.230000,0.246000,0.246000,866200
2020-04-03,0.233000,0.250000,0.233000,0.239000,0.239000,371900
2020-04-06,0.239000,0.250000,0.214000,0.236000,0.236000,1286000
2020-04-07,0.223000,0.250000,0.223000,0.237000,0.237000,528300
2020-04-08,0.215000,0.250000,0.215000,0.245000,0.245000,547300
2020-04-09,0.250000,0.250000,0.230000,0.231000,0.231000,626500
2020-04-13,0.250000,0.250000,0.216000,0.226000,0.226000,641000
2020-04-14,0.225000,0.250000,0.220000,0.244000,0.244000,969300
2020-04-15,0.247000,0.285000,0.245000,0.278000,0.278000,1225600
2020-04-16,0.293000,0.296000,0.259000,0.266000,0.266000,748400
2020-04-17,0.289000,0.289000,0.261000,0.269000,0.269000,590800
2020-04-20,0.251000,0.270000,0.250000,0.255000,0.255000,902200
2020-04-21,0.264000,0.273000,0.234000,0.266000,0.266000,1239400
2020-04-22,0.263000,0.274000,0.260000,0.265000,0.265000,378000
2020-04-23,0.254000,0.270000,0.254000,0.268000,0.268000,545600
2020-04-24,0.282000,0.282000,0.262000,0.271000,0.271000,364700
2020-04-27,0.272000,0.313000,0.265000,0.304000,0.304000,1384500
2020-04-28,0.323000,0.340000,0.314000,0.320000,0.320000,714400
2020-04-29,0.295000,0.334000,0.290000,0.301000,0.301000,833400
2020-04-30,0.285000,0.304000,0.256000,0.272000,0.272000,1878600
2020-05-01,0.260000,0.287000,0.250000,0.253000,0.253000,486000
2020-05-04,0.260000,0.260000,0.228000,0.234000,0.234000,1156900
2020-05-05,0.218000,0.250000,0.218000,0.234000,0.234000,782600
2020-05-06,0.225000,0.247000,0.225000,0.225000,0.225000,550400
2020-05-07,0.223000,0.238000,0.221000,0.230000,0.230000,317100
2020-05-08,0.230000,0.245000,0.225000,0.232000,0.232000,1078300
2020-05-11,0.233000,0.240000,0.231000,0.233000,0.233000,751400
2020-05-12,0.227000,0.274000,0.227000,0.255000,0.255000,1473700
2020-05-13,0.281000,0.281000,0.240000,0.252000,0.252000,1007800
2020-05-14,0.266000,0.266000,0.230000,0.251000,0.251000,563100
2020-05-15,0.255000,0.280000,0.239000,0.273000,0.273000,980700
2020-05-18,0.300000,0.310000,0.273000,0.300000,0.300000,1605600
2020-05-19,0.310000,0.323000,0.300000,0.308000,0.308000,1034000
2020-05-20,0.296000,0.333000,0.296000,0.315000,0.315000,784300
2020-05-21,0.317000,0.320000,0.300000,0.309000,0.309000,794500
2020-05-22,0.289000,0.320000,0.289000,0.301000,0.301000,590700
2020-05-26,0.284000,0.327000,0.284000,0.313000,0.313000,930400
2020-05-27,0.327000,0.327000,0.291000,0.301000,0.301000,1070500
2020-05-28,0.317000,0.317000,0.291000,0.300000,0.300000,713100
2020-05-29,0.295000,0.310000,0.270000,0.290000,0.290000,1295100
2020-06-01,0.320000,0.320000,0.290000,0.303000,0.303000,1110000
2020-06-02,0.320000,0.320000,0.299000,0.302000,0.302000,707200
2020-06-03,0.320000,0.320000,0.290000,0.303000,0.303000,556800
2020-06-04,0.320000,0.320000,0.283000,0.284000,0.284000,1100600
2020-06-05,0.290000,0.293000,0.274000,0.279000,0.279000,2014400
2020-06-08,0.264000,0.289000,0.264000,0.278000,0.278000,1624000
2020-06-09,0.266000,0.295000,0.250000,0.266000,0.266000,1345200
2020-06-10,0.254000,0.277000,0.252000,0.259000,0.259000,937000
2020-06-11,0.270000,0.270000,0.237000,0.240000,0.240000,1552000
2020-06-12,0.242000,0.268000,0.240000,0.253000,0.253000,1163000
2020-06-15,0.238000,0.262000,0.238000,0.253000,0.253000,1201600
2020-06-16,0.240000,0.265000,0.237000,0.237000,0.237000,1788400
2020-06-17,0.250000,0.257000,0.237000,0.243000,0.243000,729400
2020-06-18,0.246000,0.246000,0.234000,0.240000,0.240000,856100
2020-06-19,0.226000,0.248000,0.226000,0.241000,0.241000,866400
2020-06-22,0.226000,0.248000,0.226000,0.236000,0.236000,547900
2020-06-23,0.226000,0.241000,0.226000,0.230000,0.230000,693500
2020-06-24,0.222000,0.245000,0.216000,0.226000,0.226000,1677600
2020-06-25,0.214000,0.232000,0.214000,0.221000,0.221000,895800
2020-06-26,0.213000,0.230000,0.209000,0.212000,0.212000,915000
2020-06-29,0.201000,0.220000,0.201000,0.215000,0.215000,693600
2020-06-30,0.206000,0.222000,0.206000,0.213000,0.213000,672000
2020-07-01,0.210000,0.230000,0.207000,0.222000,0.222000,547300
2020-07-02,0.210000,0.229000,0.210000,0.211000,0.211000,652800
2020-07-06,0.220000,0.220000,0.199000,0.205000,0.205000,1053500
2020-07-07,0.200000,0.208000,0.200000,0.207000,0.207000,516400
2020-07-08,0.204000,0.213000,0.202000,0.205000,0.205000,534800
2020-07-09,0.203000,0.210000,0.203000,0.205000,0.205000,797500
2020-07-10,0.226000,0.226000,0.209000,0.220000,0.220000,761900
2020-07-13,0.225000,0.225000,0.208000,0.223000,0.223000,796300
2020-07-14,0.216000,0.225000,0.203000,0.210000,0.210000,986300
2020-07-15,0.212000,0.213000,0.200000,0.206000,0.206000,454900
2020-07-16,0.210000,0.212000,0.201000,0.209000,0.209000,300500
2020-07-17,0.205000,0.220000,0.199000,0.209000,0.209000,434700
2020-07-20,0.200000,0.219000,0.200000,0.205000,0.205000,612300
2020-07-21,0.197000,0.210000,0.197000,0.206000,0.206000,732900
2020-07-22,0.207000,0.207000,0.194000,0.203000,0.203000,487200
2020-07-23,0.195000,0.204000,0.190000,0.196000,0.196000,1149000
2020-07-24,0.204000,0.209000,0.188000,0.191000,0.191000,468100
2020-07-27,0.175000,0.190000,0.175000,0.185000,0.185000,1711800
2020-07-28,0.180000,0.181000,0.170000,0.177000,0.177000,1131600
2020-07-29,0.185000,0.185000,0.171000,0.184000,0.184000,585200
2020-07-30,0.174000,0.185000,0.174000,0.177000,0.177000,647500
2020-07-31,0.169000,0.185000,0.169000,0.184000,0.184000,566100
2020-08-03,0.177000,0.190000,0.177000,0.190000,0.190000,576400
2020-08-04,0.177000,0.200000,0.177000,0.190000,0.190000,767700
2020-08-05,0.178000,0.188000,0.175000,0.178000,0.178000,865200
2020-08-06,0.177000,0.180000,0.171000,0.175000,0.175000,661000
2020-08-07,0.170000,0.183000,0.170000,0.178000,0.178000,470200
2020-08-10,0.174000,0.180000,0.170000,0.180000,0.180000,819400
2020-08-11,0.179000,0.190000,0.175000,0.179000,0.179000,466400
2020-08-12,0.170000,0.183000,0.170000,0.180000,0.180000,560700
2020-08-13,0.172000,0.184000,0.170000,0.171000,0.171000,952300
2020-08-14,0.171000,0.177000,0.162000,0.170000,0.170000,1239100
2020-08-17,0.174000,0.175000,0.164000,0.172000,0.172000,585500
2020-08-18,0.164000,0.174000,0.164000,0.167000,0.167000,1651100
2020-08-19,0.167000,0.173000,0.163000,0.168000,0.168000,699700
2020-08-20,0.158000,0.173000,0.158000,0.160000,0.160000,1036200
2020-08-21,0.160000,0.164000,0.157000,0.160000,0.160000,962900
2020-08-24,0.153000,0.164000,0.152000,0.156000,0.156000,1442100
2020-08-25,0.150000,0.157000,0.148000,0.152000,0.152000,1098700
2020-08-26,0.150000,0.160000,0.145000,0.152000,0.152000,1039000
2020-08-27,0.161000,0.161000,0.148000,0.152000,0.152000,843200
2020-08-28,0.150000,0.159000,0.126000,0.133000,0.133000,4210500
2020-08-31,0.128000,0.138000,0.122000,0.124000,0.124000,3320800
2020-09-01,0.121000,0.139000,0.121000,0.137000,0.137000,1005300
2020-09-02,0.133000,0.148000,0.133000,0.143000,0.143000,882600
2020-09-03,0.132000,0.150000,0.128000,0.132000,0.132000,805800
2020-09-04,0.140000,0.140000,0.128000,0.134000,0.134000,561700
2020-09-08,0.129000,0.137000,0.125000,0.126000,0.126000,514700
2020-09-09,0.126000,0.130000,0.121000,0.122000,0.122000,955700
2020-09-10,0.118000,0.129000,0.118000,0.123000,0.123000,650900
2020-09-11,0.127000,0.127000,0.116000,0.125000,0.125000,1203500
2020-09-14,0.121000,0.132000,0.120000,0.124000,0.124000,299700
2020-09-15,0.119000,0.124000,0.117000,0.120000,0.120000,575100
2020-09-16,0.120000,0.128000,0.119000,0.122000,0.122000,343900
2020-09-17,0.116000,0.125000,0.116000,0.118000,0.118000,388100
2020-09-18,0.118000,0.118000,0.110000,0.110000,0.110000,817500
2020-09-21,0.116000,0.116000,0.100000,0.100000,0.100000,869000
2020-09-22,0.096000,0.107000,0.092000,0.102000,0.102000,731100
2020-09-23,0.107000,0.107000,0.090000,0.093000,0.093000,1119100
2020-09-24,0.099000,0.100000,0.090000,0.100000,0.100000,635600
2020-09-25,0.099000,0.105000,0.088000,0.097000,0.097000,480700
2020-09-28,0.088000,0.104000,0.088000,0.101000,0.101000,1176000
2020-09-29,0.105000,0.105000,0.095000,0.097000,0.097000,401000
2020-09-30,0.091000,0.100000,0.091000,0.095000,0.095000,316800
2020-10-01,0.092000,0.110000,0.092000,0.104000,0.104000,739700
2020-10-02,0.107000,0.110000,0.100000,0.102000,0.102000,546400
2020-10-05,0.100000,0.111000,0.100000,0.105000,0.105000,595800
2020-10-06,0.098000,0.105000,0.096000,0.100000,0.100000,748400
2020-10-07,0.092000,0.110000,0.080000,0.103000,0.103000,448900
2020-10-08,0.100000,0.111000,0.098000,0.111000,0.111000,971300
2020-10-09,0.111000,0.115000,0.103000,0.114000,0.114000,829900
2020-10-12,0.110000,0.124000,0.108000,0.122000,0.122000,1081400
2020-10-13,0.125000,0.131000,0.116000,0.131000,0.131000,1047300
2020-10-14,0.116000,0.182000,0.116000,0.163000,0.163000,5141600
2020-10-15,0.153000,0.190000,0.153000,0.183000,0.183000,1830700
2020-10-16,0.182000,0.240000,0.182000,0.220000,0.220000,3345400
2020-10-19,0.222000,0.255000,0.215000,0.248000,0.248000,2884700
2020-10-20,0.277000,0.277000,0.256000,0.269000,0.269000,1977700
2020-10-21,0.263000,0.277000,0.170000,0.171000,0.171000,5401000
2020-10-22,0.165000,0.185000,0.145000,0.169000,0.169000,3027400
2020-10-23,0.150000,0.169000,0.150000,0.158000,0.158000,973600
2020-10-26,0.165000,0.165000,0.146000,0.150000,0.150000,860100
2020-10-27,0.146000,0.196000,0.146000,0.190000,0.190000,1544100
2020-10-28,0.180000,0.193000,0.162000,0.179000,0.179000,573500
2020-10-29,0.174000,0.188000,0.173000,0.179000,0.179000,344200
2020-10-30,0.174000,0.180000,0.168000,0.174000,0.174000,447800
2020-11-02,0.167000,0.194000,0.167000,0.181000,0.181000,529400
2020-11-03,0.192000,0.192000,0.165000,0.180000,0.180000,338300
2020-11-04,0.188000,0.191000,0.176000,0.180000,0.180000,317200
2020-11-05,0.182000,0.220000,0.173000,0.220000,0.220000,1449000
2020-11-06,0.230000,0.241000,0.216000,0.226000,0.226000,1859200
2020-11-09,0.239000,0.248000,0.214000,0.227000,0.227000,2201300
2020-11-10,0.240000,0.240000,0.210000,0.234000,0.234000,1349100
2020-11-11,0.231000,0.249000,0.231000,0.243000,0.243000,799000
2020-11-12,0.230000,0.260000,0.230000,0.255000,0.255000,1851600
2020-11-13,0.241000,0.322000,0.241000,0.320000,0.320000,2767200
2020-11-16,0.303000,0.321000,0.270000,0.304000,0.304000,1651900
2020-11-17,0.285000,0.317000,0.284000,0.310000,0.310000,1215500
2020-11-18,0.327000,0.327000,0.296000,0.309000,0.309000,900800
2020-11-19,0.296000,0.310000,0.292000,0.310000,0.310000,469200
2020-11-20,0.309000,0.310000,0.262000,0.273000,0.273000,1285600
2020-11-23,0.279000,0.284000,0.240000,0.264000,0.264000,1526200
2020-11-24,0.250000,0.289000,0.202000,0.230000,0.230000,3141000
2020-11-25,0.223000,0.240000,0.220000,0.229000,0.229000,590200
2020-11-27,0.240000,0.240000,0.218000,0.236000,0.236000,438600
2020-11-30,0.256000,0.258000,0.230000,0.236000,0.236000,3136900
2020-12-01,0.242000,0.242000,0.225000,0.226000,0.226000,1362600
2020-12-02,0.241000,0.241000,0.220000,0.235000,0.235000,663100
2020-12-03,0.240000,0.240000,0.229000,0.240000,0.240000,1037100
2020-12-04,0.259000,0.275000,0.237000,0.275000,0.275000,4321900
2020-12-07,0.305000,0.305000,0.266000,0.273000,0.273000,2697200
2020-12-08,0.262000,0.280000,0.250000,0.267000,0.267000,1451500
2020-12-09,0.270000,0.280000,0.248000,0.250000,0.250000,1506700
2020-12-10,0.246000,0.261000,0.236000,0.240000,0.240000,1350300
2020-12-11,0.231000,0.242000,0.230000,0.233000,0.233000,3124000
2020-12-14,0.245000,0.245000,0.210000,0.215000,0.215000,3461300
2020-12-15,0.215000,0.238000,0.210000,0.229000,0.229000,1380600
2020-12-16,0.230000,0.244000,0.226000,0.237000,0.237000,1540800
2020-12-17,0.247000,0.247000,0.231000,0.235000,0.235000,1445900
2020-12-18,0.235000,0.243000,0.225000,0.228000,0.228000,1312000
2020-12-21,0.221000,0.228000,0.213000,0.224000,0.224000,1343700
2020-12-22,0.230000,0.230000,0.213000,0.217000,0.217000,1605500
2020-12-23,0.216000,0.221000,0.212000,0.212000,0.212000,1297800
2020-12-24,0.200000,0.216000,0.200000,0.202000,0.202000,949000
2020-12-28,0.210000,0.215000,0.200000,0.211000,0.211000,2053000
2020-12-29,0.211000,0.211000,0.191000,0.192000,0.192000,2368700
2020-12-30,0.185000,0.200000,0.185000,0.193000,0.193000,2817000
2020-12-31,0.199000,0.200000,0.180000,0.196000,0.196000,2817300
2021-01-04,0.189000,0.209000,0.189000,0.209000,0.209000,1738700
2021-01-05,0.201000,0.230000,0.201000,0.230000,0.230000,1814800
2021-01-06,0.240000,0.258000,0.235000,0.257000,0.257000,5745900
2021-01-07,0.270000,0.288000,0.258000,0.285000,0.285000,2450400
2021-01-08,0.293000,0.300000,0.250000,0.265000,0.265000,2681200
2021-01-11,0.249000,0.275000,0.249000,0.265000,0.265000,1619400
2021-01-12,0.290000,0.291000,0.255000,0.286000,0.286000,1301200
2021-01-13,0.288000,0.290000,0.275000,0.284000,0.284000,1206500
2021-01-14,0.279000,0.310000,0.279000,0.300000,0.300000,1536200
2021-01-15,0.309000,0.330000,0.291000,0.298000,0.298000,1892800
2021-01-19,0.293000,0.330000,0.293000,0.330000,0.330000,2100700
2021-01-20,0.342000,0.356000,0.320000,0.334000,0.334000,2085900
2021-01-21,0.305000,0.310000,0.275000,0.279000,0.279000,4494800
2021-01-22,0.276000,0.295000,0.255000,0.266000,0.266000,2609700
2021-01-25,0.295000,0.295000,0.251000,0.253000,0.253000,3602100
2021-01-26,0.250000,0.264000,0.248000,0.251000,0.251000,1763200
2021-01-27,0.250000,0.261000,0.225000,0.240000,0.240000,2310100
2021-01-28,0.231000,0.244000,0.230000,0.238000,0.238000,1342400
2021-01-29,0.233000,0.243000,0.230000,0.232000,0.232000,1195800
2021-02-01,0.239000,0.255000,0.232000,0.239000,0.239000,1719300
2021-02-02,0.250000,0.270000,0.235000,0.269000,0.269000,4160100
2021-02-03,0.297000,0.297000,0.264000,0.270000,0.270000,3259200
2021-02-04,0.274000,0.280000,0.266000,0.280000,0.280000,1355200
2021-02-05,0.290000,0.290000,0.264000,0.275000,0.275000,1750400
2021-02-08,0.275000,0.285000,0.260000,0.272000,0.272000,2610900
2021-02-09,0.283000,0.300000,0.261000,0.298000,0.298000,5401700
2021-02-10,0.315000,0.386000,0.283000,0.385000,0.385000,12145600
2021-02-11,0.400000,0.410000,0.300000,0.309000,0.309000,10003400
2021-02-12,0.311000,0.339000,0.283000,0.290000,0.290000,5878600
2021-02-16,0.318000,0.325000,0.290000,0.308000,0.308000,7083500
2021-02-17,0.305000,0.310000,0.295000,0.300000,0.300000,3187000
2021-02-18,0.299000,0.328000,0.297000,0.311000,0.311000,2260100
2021-02-19,0.307000,0.330000,0.303000,0.318000,0.318000,2002900
2021-02-22,0.314000,0.327000,0.301000,0.306000,0.306000,2487000
2021-02-23,0.300000,0.306000,0.280000,0.290000,0.290000,2996000
2021-02-24,0.302000,0.319000,0.285000,0.300000,0.300000,1272500
2021-02-25,0.289000,0.320000,0.283000,0.283000,0.283000,1314500
2021-02-26,0.283000,0.305000,0.268000,0.268000,0.268000,1535700
2021-03-01,0.267000,0.290000,0.261000,0.280000,0.280000,1676400
2021-03-02,0.280000,0.290000,0.256000,0.277000,0.277000,851200
2021-03-03,0.278000,0.282000,0.265000,0.271000,0.271000,1670300
2021-03-04,0.270000,0.280000,0.251000,0.263000,0.263000,2226000
2021-03-05,0.280000,0.280000,0.236000,0.270000,0.270000,2221400
